t: 100; Acc:   0.64,  -0.72,  -0.14
Gyro:  -0.98,  -4.46,   4.88
t: 100; Acc:   0.64,  -0.71,  -0.14
Gyro:  -0.43,  -3.23,   3.97
t: 100; Acc:   0.63,  -0.72,  -0.13
Gyro:   2.26,  -5.80,   1.46
t: 100; Acc:   0.65,  -0.75,  -0.13
Gyro:  14.59,   2.44, -11.60
t: 100; Acc:   0.79,  -0.84,  -0.13
Gyro:   4.88,  11.29,   5.68
t: 100; Acc:   1.73,  -0.18,  -0.92
Gyro:  34.30, -88.01, -83.01
t: 100; Acc:   1.00,  -1.23,  -0.27
Gyro: -126.40, -30.03, -179.32
t: 100; Acc:   0.40,  -1.04,   0.30
Gyro: -71.72, -15.01, -122.13
t: 100; Acc:  -0.13,  -1.10,   0.58
Gyro:  27.04,  11.78,  61.16
t: 100; Acc:   0.40,  -1.48,   0.25
Gyro: 149.05,  27.34, 257.02
t: 100; Acc:   0.98,  -1.07,   0.09
Gyro:  98.27,  39.31, 212.65
t: 100; Acc:   1.19,  -0.51,  -0.48
Gyro:  60.36,   8.61,  85.63
t: 100; Acc:   0.88,  -0.29,  -0.39
Gyro: -13.85, -25.63, -52.98
t: 100; Acc:   0.76,  -0.55,  -0.32
Gyro: -47.55, -29.54, -78.12
t: 100; Acc:   0.75,  -0.80,  -0.24
Gyro: -58.84, -37.84, -77.39
t: 100; Acc:   5.19,   1.55,   0.82
Gyro: -81.85, -587.16, -58.11
t: 100; Acc:   0.74,  -0.74,  -0.03
Gyro: -30.46, -22.40,   2.14
t: 100; Acc:   0.65,  -0.73,  -0.19
Gyro: -15.26, -26.67, -16.17
t: 100; Acc:   0.64,  -0.64,  -0.26
Gyro:  -9.16, -10.68,  -6.84
t: 100; Acc:   0.65,  -0.66,  -0.25
Gyro:  -6.10,  -6.04,   2.50
