t: 100; Acc:   0.58,  -0.76,  -0.16
Gyro:  -2.32,  -6.84,   2.08
t: 100; Acc:   0.57,  -0.76,  -0.17
Gyro:  -1.89,  -9.64,   2.14
t: 100; Acc:   0.58,  -0.75,  -0.18
Gyro:  -2.75,  -9.09,   2.75
t: 100; Acc:   0.58,  -0.75,  -0.18
Gyro:  -1.34,  -8.36,   4.27
t: 100; Acc:   0.55,  -0.77,  -0.19
Gyro:   1.46,   1.89,   1.28
t: 100; Acc:   0.54,  -0.76,  -0.19
Gyro:   3.42,  -1.34,  -6.84
t: 100; Acc:   0.58,  -0.75,  -0.16
Gyro:   6.41,  -0.18,  -7.57
t: 100; Acc:   0.61,  -0.75,  -0.14
Gyro:   5.74,   5.98,  -7.57
t: 100; Acc:   0.78,  -0.74,  -0.20
Gyro:  -6.71,  -7.26, -26.92
t: 100; Acc:   1.58,  -0.46,  -0.70
Gyro:  -4.09, -87.95, -154.17
t: 100; Acc:   0.86,  -0.84,  -0.17
Gyro: -132.93,  11.05, -154.79
t: 100; Acc:   0.39,  -0.66,   0.14
Gyro: -53.96,   0.31, -95.03
t: 100; Acc:  -0.23,  -0.81,   0.41
Gyro:  45.10,  -6.04,  54.99
t: 100; Acc:   0.32,  -1.50,   0.18
Gyro: 127.20,  54.08, 262.15
t: 100; Acc:   1.51,  -1.16,  -0.28
Gyro:  87.71,   4.46, 192.75
t: 100; Acc:   1.08,  -0.53,  -0.49
Gyro:  48.71,  -3.97,  64.76
t: 100; Acc:   0.92,  -0.41,  -0.22
Gyro: -30.09,  -5.07, -47.12
t: 100; Acc:   0.55,  -0.62,  -0.13
Gyro: -27.34, -45.35, -66.47
t: 100; Acc:  -0.95,  -3.30,  -0.31
Gyro:  -1.59,  80.93,  32.84
t: 100; Acc:   0.48,  -0.73,  -0.18
Gyro: -14.59, -41.02, -12.70
t: 100; Acc:   0.61,  -0.73,  -0.19
Gyro: -17.58, -25.27,  -7.69
t: 100; Acc:   0.63,  -0.68,  -0.22
Gyro: -11.05, -16.11,  -7.63
t: 100; Acc:   0.63,  -0.69,  -0.22
Gyro:  -6.59,  -8.48,   3.42
t: 100; Acc:   0.62,  -0.68,  -0.23
Gyro:  -6.41,  -8.54,   3.23
t: 100; Acc:   0.63,  -0.68,  -0.24
Gyro:  -3.36,  -9.16,   3.23
t: 100; Acc:   0.62,  -0.68,  -0.24
Gyro:  -3.23,  -3.23,   8.00
