t: 100; Acc:   0.61,  -0.74,  -0.14
Gyro:  -4.09,  -6.10,  -0.49
t: 100; Acc:   0.62,  -0.73,  -0.14
Gyro:  -2.50,  -6.53,  -0.24
t: 100; Acc:   0.62,  -0.73,  -0.13
Gyro:  -2.20,  -6.53,  -0.92
t: 100; Acc:   0.62,  -0.73,  -0.15
Gyro:   0.12,  -6.23,   0.79
t: 100; Acc:   0.61,  -0.73,  -0.13
Gyro:   0.49,   3.85,   5.07
t: 100; Acc:   0.63,  -0.74,  -0.11
Gyro:   8.00, -10.38,  -2.20
t: 100; Acc:   0.63,  -0.74,  -0.11
Gyro:   3.60,   5.74,   7.26
t: 100; Acc:   0.66,  -0.86,  -0.14
Gyro:   7.57,  -2.44,  -8.18
t: 100; Acc:   1.55,   0.10,  -0.87
Gyro:   4.82, -51.15, -43.95
t: 100; Acc:   1.33,  -0.93,  -0.39
Gyro: -86.61, -52.61, -214.84
t: 100; Acc:   0.44,  -0.97,   0.07
Gyro: -73.73,  18.92, -147.83
t: 100; Acc:  -0.03,  -0.95,   0.37
Gyro:  26.92, -30.33,   7.51
t: 100; Acc:  -0.20,  -1.36,   0.63
Gyro: 107.54,  40.53, 258.42
t: 100; Acc:   0.26,  -3.33,  -0.25
Gyro: 179.87, 114.99, 539.49
t: 100; Acc:   1.40,  -0.28,  -0.52
Gyro:  28.56,  12.76,  64.15
t: 100; Acc:   0.81,  -0.37,  -0.22
Gyro: -19.17, -11.66, -60.91
t: 100; Acc:   0.60,  -0.60,  -0.20
Gyro: -44.19, -10.07, -66.28
t: 100; Acc:   0.54,  -0.79,  -0.15
Gyro: -39.79, -10.31, -31.49
t: 100; Acc:   2.49,   0.03,  -0.03
Gyro: -87.10, 200.62,  27.95
t: 100; Acc:   0.51,  -0.85,  -0.16
Gyro: -25.63,   5.62,   2.75
t: 100; Acc:   0.60,  -0.74,  -0.12
Gyro: -13.61, -19.71,  -0.92
t: 100; Acc:   0.62,  -0.73,  -0.14
Gyro: -10.74, -12.51,   3.30
