t: 100; Acc:   0.71,  -0.66,  -0.15
Gyro:  -5.07,  -8.91,   2.87
t: 100; Acc:   0.70,  -0.64,  -0.16
Gyro:  -4.94, -12.27,  -5.19
t: 100; Acc:   0.72,  -0.62,  -0.17
Gyro:  -4.21,  -9.09,  -2.62
t: 100; Acc:   0.71,  -0.63,  -0.18
Gyro:   2.93,   1.28,   5.07
t: 100; Acc:   0.71,  -0.64,  -0.15
Gyro:   9.77,  14.71,  17.64
t: 100; Acc:   0.76,  -0.67,  -0.13
Gyro:   9.70,  16.42,  34.42
t: 100; Acc:   1.74,  -0.16,  -0.94
Gyro:  14.59, -78.67, -63.90
t: 100; Acc:   0.81,  -0.91,  -0.25
Gyro: -52.31, -110.23, -167.48
t: 100; Acc:   0.59,  -0.84,   0.06
Gyro: -105.53,   5.80, -74.83
t: 100; Acc:   0.35,  -0.90,   0.32
Gyro: -39.79,  14.89,  16.05
t: 100; Acc:  -0.28,  -1.31,   0.92
Gyro: 138.37,  19.96, 190.73
t: 100; Acc:   3.31,   0.82,   0.14
Gyro: 441.04,  36.44, 574.40
t: 100; Acc:   1.30,  -0.53,  -0.35
Gyro:  63.17,  -9.52,  65.92
t: 100; Acc:   0.83,  -0.26,  -0.33
Gyro:  -5.80, -25.33, -38.51
t: 100; Acc:   0.68,  -0.60,  -0.25
Gyro: -34.36, -38.51, -76.48
t: 100; Acc:   0.66,  -0.89,  -0.14
Gyro: -92.59,  12.15, -60.30
t: 100; Acc:   0.43,  -0.96,   0.13
Gyro: -103.45,  37.84, -34.42
t: 100; Acc:   1.49,  -0.14,   0.16
Gyro: -11.41, -33.26, -14.89
t: 100; Acc:   0.74,  -0.61,  -0.14
Gyro: -15.99, -34.97, -17.70
t: 100; Acc:   0.70,  -0.64,  -0.20
Gyro: -12.63, -18.74,  -7.45
t: 100; Acc:   0.68,  -0.62,  -0.23
Gyro:  -6.23, -10.07,   0.67
t: 100; Acc:   0.68,  -0.63,  -0.24
Gyro:  -3.17,  -7.57,   7.26
