t: 100; Acc:   0.63,  -0.71,  -0.15
Gyro:   3.17,   4.58,  18.92
t: 100; Acc:   0.60,  -0.76,  -0.14
Gyro:   0.00,   4.33,   9.09
t: 100; Acc:   0.63,  -0.74,  -0.12
Gyro:  -3.11, -11.96, -16.60
t: 100; Acc:   0.67,  -0.70,  -0.16
Gyro:  -8.91, -16.91, -26.18
t: 100; Acc:   0.69,  -0.61,  -0.19
Gyro:  -6.35, -12.15,  -7.26
t: 100; Acc:   0.64,  -0.68,  -0.20
Gyro:   8.18,   1.46,  11.17
t: 100; Acc:   0.66,  -0.68,  -0.15
Gyro:   6.35,   2.93,   7.20
t: 100; Acc:   0.66,  -0.69,  -0.15
Gyro:   7.51,   5.68,   1.46
t: 100; Acc:   0.78,  -0.66,  -0.14
Gyro:  16.97,   6.23,  28.32
t: 100; Acc:   1.75,  -0.25,  -1.27
Gyro: -48.34, -54.93, -114.01
t: 100; Acc:   0.83,  -1.14,  -0.17
Gyro: -147.71, -61.83, -199.34
t: 100; Acc:   0.18,  -0.96,   0.48
Gyro: -35.34, -72.33, -108.40
t: 100; Acc:  -0.03,  -1.15,   0.61
Gyro:  51.33,   2.20,  99.61
t: 100; Acc:   0.84,  -1.64,   0.18
Gyro: 153.26,  80.38, 288.57
t: 100; Acc:   0.98,  -1.30,   0.12
Gyro: 150.21,  57.56, 195.74
t: 100; Acc:   1.39,  -0.52,  -0.51
Gyro:  57.92,  10.99,  97.78
t: 100; Acc:   0.89,  -0.37,  -0.41
Gyro:  -5.68, -22.40, -55.24
t: 100; Acc:   0.69,  -0.71,  -0.26
Gyro: -43.64, -25.27, -91.25
t: 100; Acc:   0.70,  -0.85,  -0.23
Gyro: -75.44,   0.18, -92.90
t: 100; Acc:   0.47,  -0.84,   0.10
Gyro: -39.55, -37.60, -53.53
t: 100; Acc:   0.27,   0.30,  -0.30
Gyro: -13.06, -11.96,   2.38
t: 100; Acc:   0.69,  -0.66,  -0.19
Gyro: -20.57, -13.31,  -4.46
t: 100; Acc:   0.67,  -0.67,  -0.21
Gyro:  -8.97,  -9.34,   6.96
t: 100; Acc:   0.65,  -0.67,  -0.23
Gyro:  -6.77,  -8.67,   7.14
t: 100; Acc:   0.64,  -0.67,  -0.24
Gyro:  -6.77,  -7.69,   3.23
