t: 100; Acc:   0.58,  -0.76,  -0.11
Gyro:  -4.33,  -9.95,  -0.12
t: 100; Acc:   0.59,  -0.77,  -0.13
Gyro:  -0.12, -13.67,   7.26
t: 100; Acc:   0.57,  -0.79,  -0.11
Gyro:   7.39,   5.68,   0.55
t: 100; Acc:   0.62,  -0.79,  -0.09
Gyro:   9.77,   2.50, -13.79
t: 100; Acc:   1.05,  -0.57,  -0.49
Gyro:  18.98, -25.70, -16.42
t: 100; Acc:   1.62,  -0.89,  -0.74
Gyro: -73.24, -111.69, -201.29
t: 100; Acc:   0.52,  -1.05,   0.06
Gyro: -157.65,  -3.85, -133.30
t: 100; Acc:   0.25,  -0.93,   0.38
Gyro: -29.30, -32.23, -30.40
t: 100; Acc:   0.10,  -0.98,   0.21
Gyro:  76.48,  20.45, 148.62
t: 100; Acc:   0.42,  -0.89,   0.26
Gyro:  84.41,  75.20, 394.96
t: 100; Acc:   0.78,  -0.92,  -0.34
Gyro: 138.73, -10.93, 169.07
t: 100; Acc:   1.48,  -0.33,  -0.49
Gyro:  23.68,  41.44,  64.09
t: 100; Acc:   0.80,  -0.48,  -0.32
Gyro: -13.31, -31.25, -80.69
t: 100; Acc:   0.69,  -0.66,  -0.29
Gyro: -53.04,   3.97, -70.43
t: 100; Acc:   0.49,  -0.95,   0.02
Gyro: -14.34, -23.56, -42.30
t: 100; Acc:   3.32,   0.98,  -0.60
Gyro: -10.74, -35.95, -28.63
t: 100; Acc:   0.51,  -0.78,  -0.21
Gyro:  -8.79, -13.61,   4.46
t: 100; Acc:   0.58,  -0.75,  -0.15
Gyro: -12.76, -13.43,  11.05
t: 100; Acc:   0.58,  -0.76,  -0.17
Gyro:  -6.65,  -4.88,  11.23
t: 100; Acc:   0.57,  -0.76,  -0.18
Gyro:  -4.21,  -7.20,   7.14
t: 100; Acc:   0.57,  -0.76,  -0.18
Gyro:  -3.48, -11.96,  -1.28
