t: 100; Acc:   0.64,  -0.71,  -0.16
Gyro:  -0.92,  -3.66,   1.71
t: 100; Acc:   0.64,  -0.71,  -0.16
Gyro:  -1.10,  -3.60,   1.46
t: 100; Acc:   0.64,  -0.71,  -0.16
Gyro:  -1.16,  -4.88,   1.22
t: 100; Acc:   0.65,  -0.70,  -0.16
Gyro:  -1.77,  -4.58,   1.28
t: 100; Acc:   0.64,  -0.72,  -0.13
Gyro:  -3.30,  -6.59,   4.15
t: 100; Acc:   0.63,  -0.70,  -0.19
Gyro:  -0.18,  -7.32,   3.17
t: 100; Acc:   0.62,  -0.73,  -0.14
Gyro:  -0.18,  12.33,  -1.28
t: 100; Acc:   0.69,  -0.69,  -0.13
Gyro:   3.36,  -5.25,  -7.39
t: 100; Acc:   0.87,  -0.58,  -0.35
Gyro:  28.44, -13.37,  -7.57
t: 100; Acc:   1.23,  -0.58,  -0.63
Gyro: -80.75, -71.17, -155.88
t: 100; Acc:   0.56,  -0.84,  -0.10
Gyro: -98.88, -41.38, -109.92
t: 100; Acc:   0.47,  -0.83,   0.27
Gyro: -54.81,   1.53, -32.35
t: 100; Acc:   0.20,  -1.30,   0.48
Gyro:  88.81,   9.70, 120.24
t: 100; Acc:   1.83,  -2.17,  -0.79
Gyro: 154.85,  29.91, 219.60
t: 100; Acc:   0.80,  -0.88,  -0.26
Gyro:  72.75,  20.63, 135.50
t: 100; Acc:   1.10,  -0.39,  -0.31
Gyro:  39.67,  25.88,  64.88
t: 100; Acc:   0.76,  -0.39,  -0.37
Gyro:  -6.47,  -2.44, -23.32
t: 100; Acc:   0.72,  -0.65,  -0.35
Gyro: -36.01, -24.66, -70.50
t: 100; Acc:   0.59,  -0.78,  -0.27
Gyro: -71.35, -19.10, -76.48
t: 100; Acc:   0.50,  -0.86,   0.09
Gyro: -65.98,  -8.73, -38.76
t: 100; Acc:  -0.37,  -1.85,   0.19
Gyro:  39.67, -25.21,  18.49
t: 100; Acc:   0.67,  -0.83,  -0.04
Gyro:   4.94, -24.35,   8.18
t: 100; Acc:   0.66,  -0.71,  -0.16
Gyro: -14.95,  -5.31,   3.23
t: 100; Acc:   0.58,  -0.72,  -0.22
Gyro:  -6.71,  -7.81,   7.39
