t: 100; Acc:   0.60,  -0.76,  -0.14
Gyro:  -3.23,  -6.47,   1.89
t: 100; Acc:   0.58,  -0.75,  -0.14
Gyro:  -2.62,  -6.23,   0.79
t: 100; Acc:   0.59,  -0.75,  -0.15
Gyro:  -1.53,  -7.45,   0.92
t: 100; Acc:   0.59,  -0.75,  -0.15
Gyro:   0.55, -11.66,   3.48
t: 100; Acc:   0.57,  -0.76,  -0.15
Gyro:  -0.31,  -3.11,   7.26
t: 100; Acc:   0.57,  -0.76,  -0.15
Gyro:   1.53,  -8.00,   7.26
t: 100; Acc:   0.55,  -0.77,  -0.17
Gyro:   3.66, -19.84,   3.48
t: 100; Acc:   0.58,  -0.78,  -0.17
Gyro:   4.88,   1.53,  -4.70
t: 100; Acc:   0.62,  -0.84,  -0.18
Gyro:   3.66,  13.98, -27.47
t: 100; Acc:   1.59,  -0.65,  -1.44
Gyro: -173.52, 107.73, -70.01
t: 100; Acc:   1.23,  -0.93,  -0.03
Gyro: -172.61,  -2.08, -264.77
t: 100; Acc:   0.26,  -0.60,   0.22
Gyro: -84.66,   1.10, -152.89
t: 100; Acc:  -0.25,  -0.98,   0.31
Gyro:  42.54,   6.04,  45.65
t: 100; Acc:   0.36,  -1.81,   0.07
Gyro:  82.46,  62.50, 285.71
t: 100; Acc:   4.57,   0.04,   1.31
Gyro: -142.76, 384.52, 364.81
t: 100; Acc:   1.18,  -0.85,   0.52
Gyro: 264.28, -255.00, 136.84
t: 100; Acc:   0.71,  -0.41,  -0.54
Gyro:   7.32,  -5.86,  10.07
t: 100; Acc:   0.71,  -0.30,  -0.24
Gyro:   0.06, -70.43, -42.24
t: 100; Acc:   0.63,  -0.64,  -0.38
Gyro: -16.11, -110.17, -50.60
t: 100; Acc:   1.02,  -0.86,  -0.18
Gyro: -85.33, -81.54, -53.96
t: 100; Acc:   0.83,  -0.84,  -0.72
Gyro: -92.22, -132.39, -77.21
t: 100; Acc:   0.64,  -0.46,   0.25
Gyro:   2.32, -32.04,  44.56
t: 100; Acc:   0.64,  -0.70,  -0.07
Gyro:  -4.64, -38.45,  -7.45
t: 100; Acc:   0.65,  -0.74,  -0.10
Gyro:  -5.86, -26.00, -26.37
t: 100; Acc:   0.65,  -0.70,  -0.17
Gyro:  -3.48, -13.49,  -7.45
