t: 100; Acc:   0.54,  -0.81,  -0.04
Gyro:  -1.71,  -9.09,  -1.89
t: 100; Acc:   0.55,  -0.81,  -0.05
Gyro:  -2.69,  -8.61,  -1.46
t: 100; Acc:   0.56,  -0.81,  -0.06
Gyro:  -2.69,  -5.98,  -0.55
t: 100; Acc:   0.55,  -0.81,  -0.05
Gyro:  -1.71,  -3.97,   1.22
t: 100; Acc:   0.55,  -0.81,  -0.06
Gyro:  -6.77, -10.93,  -0.85
t: 100; Acc:   0.54,  -0.80,  -0.09
Gyro:  -0.98, -16.36,  -7.57
t: 100; Acc:   0.57,  -0.80,  -0.07
Gyro:   1.83,  -2.62,  -7.32
t: 100; Acc:   0.62,  -0.94,  -0.04
Gyro:   7.26,  28.93,  10.44
t: 100; Acc:   1.43,  -0.00,  -1.46
Gyro: -146.61, 115.72,  40.34
t: 100; Acc:   1.79,  -0.98,  -0.04
Gyro: -222.60, 111.08, -218.08
t: 100; Acc:   0.31,  -0.80,   0.44
Gyro: -101.01,  -6.23, -219.60
t: 100; Acc:  -0.65,  -1.47,   0.46
Gyro:  63.23, -19.90,  -0.61
t: 100; Acc:  -0.07,  -2.87,   0.20
Gyro:  89.17, 136.72, 392.64
t: 100; Acc:   2.33,  -1.41,  -0.06
Gyro:  96.74, -85.69, 249.08
t: 100; Acc:   0.43,  -1.08,  -0.86
Gyro: 179.81, -174.13,  67.63
t: 100; Acc:   0.65,  -0.46,  -0.41
Gyro: -30.52,  -2.26, -28.20
t: 100; Acc:   0.60,  -0.55,  -0.09
Gyro: -16.85, -87.71, -58.17
t: 100; Acc:   0.47,  -0.85,  -0.07
Gyro: -37.66, -81.48, -39.06
t: 100; Acc:   0.66,  -0.99,   0.08
Gyro: -89.05,  -2.20, -13.24
t: 100; Acc:   0.70,   0.41,   0.53
Gyro: -38.82, -36.32, -36.44
t: 100; Acc:   0.48,  -1.00,  -0.04
Gyro:  -7.63,   2.56,  20.81
t: 100; Acc:   0.48,  -0.87,  -0.04
Gyro:  -7.75, -29.79,   9.77
t: 100; Acc:   0.51,  -0.83,  -0.02
Gyro:  -6.77, -24.05,   5.62
t: 100; Acc:   0.47,  -0.87,  -0.07
Gyro:  -4.82, -19.47,   5.68
t: 100; Acc:   0.45,  -0.86,  -0.10
Gyro:  -5.68,  -9.95,  -0.73
