t: 100; Acc:   0.54,  -0.83,  -0.02
Gyro:   2.01,  -3.23,  -7.51
t: 100; Acc:   0.54,  -0.81,  -0.02
Gyro:   0.12,  -1.83,  -7.51
t: 100; Acc:   0.55,  -0.81,  -0.02
Gyro:  -2.01,  -2.99,  -7.57
t: 100; Acc:   0.56,  -0.80,  -0.02
Gyro:  -3.05,  -5.74,  -7.51
t: 100; Acc:   0.57,  -0.79,  -0.02
Gyro:  -1.16,  -4.46,  -3.78
t: 100; Acc:   0.57,  -0.79,  -0.03
Gyro:  -1.28,  -3.97,  -1.40
t: 100; Acc:   0.57,  -0.80,  -0.02
Gyro:  -0.73,  -3.66,  -4.70
t: 100; Acc:   0.61,  -0.79,  -0.01
Gyro:   3.54,   0.06, -10.80
t: 100; Acc:   0.64,  -0.78,  -0.00
Gyro:  12.63,  22.46,  17.88
t: 100; Acc:   1.70,  -0.00,  -1.49
Gyro: -79.28,  42.24,   4.03
t: 100; Acc:   1.69,  -1.25,  -0.27
Gyro: -221.25,  42.48, -214.97
t: 100; Acc:   0.32,  -0.88,   0.46
Gyro: -122.19, -13.55, -190.61
t: 100; Acc:  -0.08,  -0.69,   0.45
Gyro: -17.09,  17.33, -35.52
t: 100; Acc:  -0.02,  -1.10,   0.08
Gyro:  75.07,  37.48, 128.66
t: 100; Acc:   0.72,  -1.90,  -0.31
Gyro:  92.90,  27.59, 274.41
t: 100; Acc:   5.77,  -1.29,   0.07
Gyro: 112.30,  28.50,  -4.82
t: 100; Acc:   1.02,  -0.75,   0.19
Gyro: 126.89, -129.82, 116.09
t: 100; Acc:   0.85,  -0.38,  -0.23
Gyro:  25.94,  -7.51,  40.41
t: 100; Acc:   0.73,  -0.44,  -0.19
Gyro:  10.93, -65.06, -49.13
t: 100; Acc:   0.68,  -0.79,  -0.08
Gyro: -65.80, -20.32, -82.82
t: 100; Acc:   0.67,  -1.05,   0.14
Gyro: -64.82, -42.48, -103.64
t: 100; Acc:   0.32,  -1.02,   0.42
Gyro:  -6.10, -87.34, -53.47
t: 100; Acc:   2.02,  -0.48,   0.41
Gyro: -12.02, -48.40,  -1.83
t: 100; Acc:   0.55,  -0.82,  -0.05
Gyro: -16.91, -23.86,  -1.65
t: 100; Acc:   0.53,  -0.81,  -0.08
Gyro:  -6.47, -25.70,  -7.45
t: 100; Acc:   0.54,  -0.80,  -0.08
Gyro:  -1.89, -10.74,   4.27
