t: 100; Acc:   0.61,  -0.65,  -0.34
Gyro:  -1.65,  -3.48,   1.10
t: 100; Acc:   0.62,  -0.64,  -0.34
Gyro:  -1.16,  -4.15,   1.28
t: 100; Acc:   0.61,  -0.64,  -0.34
Gyro:  -1.65,  -3.91,   1.10
t: 100; Acc:   0.61,  -0.65,  -0.34
Gyro:  -1.04,  -4.03,   1.22
t: 100; Acc:   0.61,  -0.65,  -0.34
Gyro:  -1.10,  -4.15,   1.34
t: 100; Acc:   0.61,  -0.65,  -0.35
Gyro:  -2.26,  -2.08,   1.65
t: 100; Acc:   0.61,  -0.65,  -0.34
Gyro:  -1.65,  -3.60,   1.16
t: 100; Acc:   0.61,  -0.65,  -0.34
Gyro:  -1.28,  -3.54,   0.98
t: 100; Acc:   0.61,  -0.65,  -0.35
Gyro:  -1.40,  -4.46,   0.43
t: 100; Acc:   0.61,  -0.65,  -0.33
Gyro:  -0.73,  -3.72,   0.73
t: 100; Acc:   0.62,  -0.65,  -0.34
Gyro:  -1.46,  -2.93,   0.37
t: 100; Acc:   0.62,  -0.65,  -0.34
Gyro:  -1.83,  -2.38,  -0.43
t: 100; Acc:   0.62,  -0.65,  -0.34
Gyro:  -1.71,  -2.87,   1.46
t: 100; Acc:   0.64,  -0.64,  -0.34
Gyro:  -1.28,  -3.30,   2.87
t: 100; Acc:   0.61,  -0.66,  -0.33
Gyro:  -0.55,  -4.09,   1.89
t: 100; Acc:   0.61,  -0.65,  -0.34
Gyro:  -0.98,  -3.42,  -0.24
t: 100; Acc:   0.61,  -0.65,  -0.34
Gyro:  -1.04,  -2.87,   1.34
t: 100; Acc:   0.61,  -0.65,  -0.33
Gyro:  -1.22,  -3.42,   0.00
t: 100; Acc:   0.62,  -0.65,  -0.33
Gyro:  -0.92,  -3.72,   0.92
t: 100; Acc:   0.61,  -0.65,  -0.33
Gyro:  -1.34,  -3.78,   0.49
t: 100; Acc:   0.61,  -0.66,  -0.33
Gyro:  -1.34,  -2.93,  -0.43
t: 100; Acc:   0.62,  -0.64,  -0.34
Gyro:  -1.65,  -3.42,   0.18
t: 100; Acc:   0.62,  -0.64,  -0.34
Gyro:  -1.28,  -3.78,   0.61
t: 100; Acc:   0.62,  -0.65,  -0.34
Gyro:  -0.85,  -3.48,   0.31
t: 100; Acc:   0.62,  -0.64,  -0.34
Gyro:  -1.95,  -4.03,   0.49
t: 100; Acc:   0.62,  -0.65,  -0.33
Gyro:  -1.04,  -4.58,   1.16
t: 100; Acc:   0.62,  -0.65,  -0.33
Gyro:  -1.04,  -4.33,   0.85
t: 100; Acc:   0.61,  -0.64,  -0.34
Gyro:  -1.83,  -4.15,   2.01
t: 100; Acc:   0.61,  -0.65,  -0.34
Gyro:  -1.40,  -3.54,   2.08
t: 100; Acc:   0.62,  -0.65,  -0.34
Gyro:  -2.38,  -3.54,   1.77
t: 100; Acc:   0.61,  -0.65,  -0.34
Gyro:  -1.40,  -3.78,   1.95
t: 100; Acc:   0.62,  -0.65,  -0.34
Gyro:  -1.53,  -4.27,   1.95
t: 100; Acc:   0.62,  -0.65,  -0.34
Gyro:  -1.16,  -4.03,   1.59
t: 100; Acc:   0.61,  -0.65,  -0.34
Gyro:  -1.22,  -4.64,   1.16
t: 100; Acc:   0.61,  -0.65,  -0.34
Gyro:  -0.73,  -4.76,   1.71
t: 100; Acc:   0.61,  -0.65,  -0.34
Gyro:  -1.65,  -4.15,   1.65
t: 100; Acc:   0.61,  -0.65,  -0.34
Gyro:  -1.77,  -3.91,   0.79
t: 100; Acc:   0.61,  -0.65,  -0.34
Gyro:  -1.04,  -3.72,   0.79
t: 100; Acc:   0.62,  -0.65,  -0.35
Gyro:  -1.40,  -4.09,   1.10
t: 100; Acc:   0.61,  -0.65,  -0.35
Gyro:  -1.53,  -4.03,   0.79
t: 100; Acc:   0.61,  -0.65,  -0.34
Gyro:  -1.34,  -3.72,   0.55
t: 100; Acc:   0.61,  -0.65,  -0.34
Gyro:  -1.77,  -3.91,   0.92
t: 100; Acc:   0.61,  -0.64,  -0.34
Gyro:  -0.12,  -4.09,   1.16
t: 100; Acc:   0.61,  -0.64,  -0.35
Gyro:  -0.85,  -3.78,   0.85
t: 100; Acc:   0.62,  -0.64,  -0.34
Gyro:  -1.46,  -3.11,   1.59
t: 100; Acc:   0.61,  -0.65,  -0.34
Gyro:  -1.28,  -2.99,   0.61
t: 100; Acc:   0.62,  -0.65,  -0.34
Gyro:  -1.83,  -3.85,   1.71
t: 100; Acc:   0.61,  -0.65,  -0.33
Gyro:  -1.34,  -3.30,   1.40
t: 100; Acc:   0.61,  -0.65,  -0.34
Gyro:  -0.79,  -3.36,   1.40
t: 100; Acc:   0.61,  -0.65,  -0.34
Gyro:  -1.77,  -3.54,   1.40
t: 100; Acc:   0.62,  -0.65,  -0.34
Gyro:  -1.28,  -3.23,   1.95
t: 100; Acc:   0.62,  -0.65,  -0.34
Gyro:  -0.61,  -3.54,   1.83
t: 100; Acc:   0.61,  -0.65,  -0.34
Gyro:  -0.92,  -3.42,   1.10
t: 100; Acc:   0.62,  -0.65,  -0.34
Gyro:  -1.22,  -3.66,   1.46
t: 100; Acc:   0.61,  -0.65,  -0.34
Gyro:  -1.34,  -3.66,   0.37
t: 100; Acc:   0.61,  -0.65,  -0.34
Gyro:  -1.28,  -4.39,   1.65
t: 100; Acc:   0.61,  -0.65,  -0.34
Gyro:  -1.83,  -3.66,   1.16
t: 100; Acc:   0.62,  -0.65,  -0.34
Gyro:  -1.46,  -4.15,   1.40
t: 100; Acc:   0.61,  -0.65,  -0.34
Gyro:  -1.40,  -3.54,   1.59
t: 100; Acc:   0.61,  -0.65,  -0.34
Gyro:  -1.16,  -4.58,   1.95
t: 100; Acc:   0.61,  -0.65,  -0.34
Gyro:  -1.22,  -4.33,   1.59
t: 100; Acc:   0.61,  -0.65,  -0.34
Gyro:  -2.44,  -3.72,   1.95
