t: 100; Acc:   0.57,  -0.60,  -0.44
Gyro:  -3.97,  -9.89,   9.70
t: 100; Acc:   0.56,  -0.62,  -0.45
Gyro:   2.50,  -9.83,   3.23
t: 100; Acc:   0.57,  -0.62,  -0.44
Gyro:   2.62,  -2.44,   0.12
t: 100; Acc:   0.57,  -0.62,  -0.43
Gyro:   1.77,  -2.93,  -2.01
t: 100; Acc:   0.58,  -0.61,  -0.43
Gyro:   3.30,  -2.01,  -2.14
t: 100; Acc:   0.59,  -0.62,  -0.41
Gyro:   2.38,   0.49,   2.38
t: 100; Acc:   0.59,  -0.62,  -0.41
Gyro:   2.20,   0.79,   0.00
t: 100; Acc:   0.60,  -0.62,  -0.40
Gyro:   2.44,  -0.18,  -0.31
t: 100; Acc:   0.60,  -0.63,  -0.38
Gyro:   3.17,  -2.01,  -1.83
t: 100; Acc:   0.61,  -0.62,  -0.38
Gyro:   0.85,  -1.28,   0.06
t: 100; Acc:   0.62,  -0.62,  -0.37
Gyro:   0.43,   0.18,   2.08
t: 100; Acc:   0.62,  -0.63,  -0.36
Gyro:   0.18,  -1.71,   5.68
t: 100; Acc:   0.62,  -0.63,  -0.36
Gyro:  -0.24,  -1.46,   2.32
t: 100; Acc:   0.62,  -0.63,  -0.35
Gyro:  -0.79,  -3.97,   2.20
t: 100; Acc:   0.63,  -0.63,  -0.35
Gyro:  -2.08,  -6.10,   0.85
t: 100; Acc:   0.63,  -0.63,  -0.35
Gyro:  -1.89,  -7.39,   1.89
t: 100; Acc:   0.62,  -0.63,  -0.35
Gyro:  -1.10,  -8.24,   0.85
t: 100; Acc:   0.62,  -0.64,  -0.36
Gyro:  -2.01,  -9.95,   0.61
t: 100; Acc:   0.62,  -0.63,  -0.36
Gyro:  -1.22,  -9.77,   0.00
t: 100; Acc:   0.62,  -0.63,  -0.36
Gyro:  -2.01,  -8.67,   1.59
t: 100; Acc:   0.61,  -0.62,  -0.37
Gyro:  -1.89,  -8.24,  -0.24
t: 100; Acc:   0.62,  -0.62,  -0.37
Gyro:  -1.59,  -8.42,   0.67
t: 100; Acc:   0.61,  -0.62,  -0.37
Gyro:  -1.95,  -6.47,   0.61
t: 100; Acc:   0.62,  -0.62,  -0.37
Gyro:  -1.83,  -6.29,   1.71
t: 100; Acc:   0.61,  -0.62,  -0.38
Gyro:  -1.04,  -5.55,   1.28
t: 100; Acc:   0.62,  -0.62,  -0.37
Gyro:  -2.38,  -5.80,   1.40
t: 100; Acc:   0.62,  -0.62,  -0.38
Gyro:  -1.22,  -5.25,   2.08
t: 100; Acc:   0.62,  -0.62,  -0.38
Gyro:  -0.37,  -5.98,   2.26
t: 100; Acc:   0.62,  -0.62,  -0.37
Gyro:  -0.43,  -5.92,   1.34
t: 100; Acc:   0.62,  -0.62,  -0.38
Gyro:  -0.79,  -5.74,   1.65
t: 100; Acc:   0.62,  -0.61,  -0.37
Gyro:  -0.92,  -6.35,   1.65
t: 100; Acc:   0.62,  -0.62,  -0.37
Gyro:  -0.49,  -6.71,   1.34
t: 100; Acc:   0.62,  -0.62,  -0.38
Gyro:  -0.18,  -6.10,   1.40
t: 100; Acc:   0.62,  -0.62,  -0.38
Gyro:  -1.10,  -5.13,   1.04
t: 100; Acc:   0.62,  -0.62,  -0.37
Gyro:   0.12,  -8.00,   0.18
t: 100; Acc:   0.62,  -0.62,  -0.37
Gyro:  -0.85,  -6.71,  -3.23
t: 100; Acc:   0.62,  -0.62,  -0.37
Gyro:  -2.44,  -4.15,   7.08
t: 100; Acc:   0.61,  -0.63,  -0.38
Gyro:   1.10,  -3.66,   2.38
t: 100; Acc:   0.61,  -0.62,  -0.37
Gyro:  -0.12,  -3.36,   6.41
t: 100; Acc:   0.61,  -0.63,  -0.37
Gyro:  -0.06,  -6.41,   0.73
t: 100; Acc:   0.61,  -0.63,  -0.37
Gyro:  -0.98,  -5.25,   0.00
t: 100; Acc:   0.61,  -0.63,  -0.37
Gyro:  -2.14,  -5.86,   1.16
