t: 100; Acc:   0.68,  -0.58,  -0.33
Gyro:  -2.14,  -4.46,   2.20
t: 100; Acc:   0.68,  -0.58,  -0.33
Gyro:  -2.01,  -3.66,   1.83
t: 100; Acc:   0.68,  -0.58,  -0.33
Gyro:  -1.83,  -5.19,   1.95
t: 100; Acc:   0.68,  -0.58,  -0.33
Gyro:  -2.32,  -4.03,   0.67
t: 100; Acc:   0.68,  -0.58,  -0.33
Gyro:  -2.08,  -5.37,   0.31
t: 100; Acc:   0.68,  -0.58,  -0.34
Gyro:  -2.08,  -5.37,   0.67
t: 100; Acc:   0.68,  -0.59,  -0.33
Gyro:  -2.01,  -4.88,  -0.12
t: 100; Acc:   0.68,  -0.58,  -0.33
Gyro:  -1.16,  -5.68,   0.92
t: 100; Acc:   0.68,  -0.58,  -0.34
Gyro:  -3.23,  -4.76,   0.73
t: 100; Acc:   0.68,  -0.58,  -0.34
Gyro:  -3.05,  -3.48,   0.98
t: 100; Acc:   0.68,  -0.58,  -0.34
Gyro:  -1.71,  -4.64,   0.49
t: 100; Acc:   0.68,  -0.58,  -0.34
Gyro:  -0.67,  -4.76,   0.98
t: 100; Acc:   0.68,  -0.58,  -0.34
Gyro:  -1.28,  -4.39,   0.49
t: 100; Acc:   0.67,  -0.58,  -0.34
Gyro:  -1.95,  -4.03,   1.46
t: 100; Acc:   0.68,  -0.58,  -0.34
Gyro:  -1.53,  -4.33,   1.46
t: 100; Acc:   0.67,  -0.58,  -0.34
Gyro:  -2.26,  -3.48,   1.28
t: 100; Acc:   0.67,  -0.59,  -0.34
Gyro:  -1.89,  -4.39,   1.83
t: 100; Acc:   0.68,  -0.58,  -0.33
Gyro:  -0.61,  -3.78,   1.10
t: 100; Acc:   0.68,  -0.58,  -0.33
Gyro:  -1.28,  -3.85,   0.85
t: 100; Acc:   0.68,  -0.59,  -0.33
Gyro:  -0.49,  -3.72,   0.43
t: 100; Acc:   0.68,  -0.58,  -0.33
Gyro:  -0.98,  -3.36,   1.04
t: 100; Acc:   0.68,  -0.59,  -0.33
Gyro:  -1.59,  -3.42,   0.79
t: 100; Acc:   0.68,  -0.59,  -0.33
Gyro:  -2.62,  -3.72,   0.79
t: 100; Acc:   0.67,  -0.59,  -0.33
Gyro:  -1.65,  -4.70,   0.98
t: 100; Acc:   0.68,  -0.59,  -0.33
Gyro:  -1.28,  -6.23,   1.71
t: 100; Acc:   0.68,  -0.59,  -0.33
Gyro:  -1.28,  -4.76,   0.92
t: 100; Acc:   0.68,  -0.59,  -0.33
Gyro:  -1.95,  -5.43,   0.24
t: 100; Acc:   0.68,  -0.58,  -0.33
Gyro:  -2.32,  -4.09,   1.46
t: 100; Acc:   0.68,  -0.59,  -0.33
Gyro:  -1.59,  -5.68,   1.59
t: 100; Acc:   0.68,  -0.59,  -0.33
Gyro:  -1.10,  -6.84,   1.53
t: 100; Acc:   0.68,  -0.59,  -0.33
Gyro:  -1.22,  -5.25,   1.22
t: 100; Acc:   0.68,  -0.59,  -0.33
Gyro:  -0.67,  -5.55,   0.85
t: 100; Acc:   0.68,  -0.59,  -0.33
Gyro:  -0.79,  -5.62,   1.22
t: 100; Acc:   0.68,  -0.59,  -0.32
Gyro:  -1.65,  -4.21,   0.12
t: 100; Acc:   0.68,  -0.59,  -0.33
Gyro:  -1.46,  -5.00,   1.46
t: 100; Acc:   0.68,  -0.58,  -0.33
Gyro:  -1.89,  -5.25,   0.61
t: 100; Acc:   0.68,  -0.59,  -0.33
Gyro:  -1.83,  -4.52,   0.06
t: 100; Acc:   0.67,  -0.59,  -0.33
Gyro:  -1.46,  -5.37,   0.61
t: 100; Acc:   0.68,  -0.58,  -0.33
Gyro:  -1.34,  -5.62,   1.89
t: 100; Acc:   0.67,  -0.59,  -0.33
Gyro:  -1.53,  -4.39,   2.81
t: 100; Acc:   0.68,  -0.59,  -0.33
Gyro:  -1.40,  -5.49,   0.92
t: 100; Acc:   0.68,  -0.59,  -0.33
Gyro:  -2.62,  -4.52,   0.06
t: 100; Acc:   0.68,  -0.59,  -0.33
Gyro:  -1.71,  -5.43,   1.59
t: 100; Acc:   0.68,  -0.59,  -0.33
Gyro:  -1.53,  -4.82,   1.59
t: 100; Acc:   0.67,  -0.59,  -0.33
Gyro:  -0.85,  -6.35,   1.83
t: 100; Acc:   0.67,  -0.59,  -0.33
Gyro:  -2.14,  -4.33,   1.10
t: 100; Acc:   0.68,  -0.58,  -0.33
Gyro:  -1.22,  -5.25,   1.34
t: 100; Acc:   0.67,  -0.59,  -0.33
Gyro:  -2.32,  -4.52,   0.49
t: 100; Acc:   0.68,  -0.59,  -0.33
Gyro:  -1.28,  -5.74,   1.22
t: 100; Acc:   0.68,  -0.59,  -0.33
Gyro:  -2.50,  -3.97,   0.92
t: 100; Acc:   0.67,  -0.59,  -0.33
Gyro:  -1.89,  -5.86,   1.22
t: 100; Acc:   0.68,  -0.58,  -0.33
Gyro:  -2.87,  -3.66,   0.92
t: 100; Acc:   0.67,  -0.59,  -0.33
Gyro:  -2.08,  -6.23,   1.22
t: 100; Acc:   0.67,  -0.59,  -0.33
Gyro:  -2.01,  -5.80,   1.22
t: 100; Acc:   0.67,  -0.59,  -0.33
Gyro:  -1.77,  -6.35,   0.85
t: 100; Acc:   0.67,  -0.59,  -0.34
Gyro:  -0.79,  -6.53,   1.46
t: 100; Acc:   0.67,  -0.59,  -0.34
Gyro:  -1.28,  -6.71,   0.61
t: 100; Acc:   0.67,  -0.59,  -0.34
Gyro:  -1.89,  -5.49,   1.10
t: 100; Acc:   0.68,  -0.60,  -0.34
Gyro:  -1.40,  -4.03,   1.65
t: 100; Acc:   0.67,  -0.59,  -0.34
Gyro:  -1.59,  -6.10,   1.59
t: 100; Acc:   0.67,  -0.60,  -0.34
Gyro:  -1.46,  -4.76,   1.34
t: 100; Acc:   0.67,  -0.60,  -0.34
Gyro:  -2.01,  -4.70,  -0.61
t: 100; Acc:   0.67,  -0.59,  -0.34
Gyro:  -0.92,  -5.80,   0.55
t: 100; Acc:   0.67,  -0.59,  -0.34
Gyro:  -2.20,  -4.09,  -0.31
