t: 100; Acc:   0.52,  -0.72,  -0.35
Gyro:  -2.38,  -6.41,  -0.98
t: 100; Acc:   0.52,  -0.72,  -0.35
Gyro:  -3.36,  -5.49,  -0.06
t: 100; Acc:   0.52,  -0.72,  -0.35
Gyro:  -1.77,  -7.26,   0.67
t: 100; Acc:   0.52,  -0.72,  -0.35
Gyro:  -2.75,  -5.37,  -0.06
t: 100; Acc:   0.52,  -0.71,  -0.35
Gyro:  -2.14,  -6.10,   1.65
t: 100; Acc:   0.52,  -0.72,  -0.35
Gyro:  -1.89,  -6.35,   0.31
t: 100; Acc:   0.52,  -0.72,  -0.36
Gyro:  -2.01,  -6.16,  -0.24
t: 100; Acc:   0.51,  -0.72,  -0.36
Gyro:  -1.16,  -7.69,  -0.79
t: 100; Acc:   0.52,  -0.71,  -0.36
Gyro:  -1.46,  -5.07,  -1.28
t: 100; Acc:   0.52,  -0.71,  -0.36
Gyro:  -0.61,  -7.32,  -2.50
t: 100; Acc:   0.53,  -0.70,  -0.36
Gyro:  -0.73,  -6.10,  -2.56
t: 100; Acc:   0.53,  -0.71,  -0.36
Gyro:  -0.12,  -5.80,  -1.77
t: 100; Acc:   0.54,  -0.70,  -0.36
Gyro:  -1.28,  -3.42,  -2.62
t: 100; Acc:   0.54,  -0.70,  -0.36
Gyro:  -0.43,  -3.17,  -1.10
t: 100; Acc:   0.54,  -0.70,  -0.35
Gyro:  -1.65,  -2.26,  -0.92
t: 100; Acc:   0.55,  -0.70,  -0.35
Gyro:  -2.38,  -3.11,  -0.79
t: 100; Acc:   0.55,  -0.69,  -0.35
Gyro:  -1.83,  -4.94,   1.28
t: 100; Acc:   0.55,  -0.70,  -0.35
Gyro:  -2.81,  -5.25,   2.44
t: 100; Acc:   0.54,  -0.70,  -0.36
Gyro:  -2.08,  -4.82,   3.36
t: 100; Acc:   0.54,  -0.70,  -0.36
Gyro:  -0.61,  -5.49,   1.59
t: 100; Acc:   0.54,  -0.70,  -0.35
Gyro:  -1.77,  -5.00,   1.28
t: 100; Acc:   0.54,  -0.70,  -0.35
Gyro:  -1.10,  -6.04,   1.83
t: 100; Acc:   0.54,  -0.70,  -0.35
Gyro:  -1.10,  -5.92,   0.92
t: 100; Acc:   0.54,  -0.70,  -0.35
Gyro:  -1.10,  -5.13,   1.10
t: 100; Acc:   0.53,  -0.71,  -0.35
Gyro:  -1.95,  -5.43,   1.71
t: 100; Acc:   0.54,  -0.70,  -0.36
Gyro:  -3.17,  -4.82,   0.43
t: 100; Acc:   0.54,  -0.70,  -0.37
Gyro:  -2.50,  -4.03,  -0.24
t: 100; Acc:   0.54,  -0.70,  -0.35
Gyro:  -2.08,  -4.70,   0.06
t: 100; Acc:   0.54,  -0.70,  -0.37
Gyro:  -1.65,  -4.52,   0.61
t: 100; Acc:   0.54,  -0.70,  -0.36
Gyro:  -2.26,  -4.39,   0.98
t: 100; Acc:   0.54,  -0.70,  -0.36
Gyro:  -2.44,  -4.70,   0.55
t: 100; Acc:   0.54,  -0.70,  -0.36
Gyro:  -1.53,  -4.33,   0.79
t: 100; Acc:   0.54,  -0.70,  -0.36
Gyro:  -2.01,  -4.58,   0.98
t: 100; Acc:   0.53,  -0.70,  -0.36
Gyro:  -1.22,  -4.15,   0.43
t: 100; Acc:   0.54,  -0.70,  -0.36
Gyro:  -1.22,  -4.46,   0.61
t: 100; Acc:   0.54,  -0.70,  -0.36
Gyro:  -1.40,  -4.64,   1.16
t: 100; Acc:   0.54,  -0.70,  -0.36
Gyro:  -0.85,  -4.76,   0.37
t: 100; Acc:   0.53,  -0.70,  -0.36
Gyro:  -1.46,  -4.64,   1.16
t: 100; Acc:   0.54,  -0.70,  -0.36
Gyro:  -1.22,  -4.52,   0.31
t: 100; Acc:   0.54,  -0.70,  -0.35
Gyro:  -1.53,  -4.58,   0.18
t: 100; Acc:   0.54,  -0.70,  -0.36
Gyro:  -1.71,  -3.60,   0.37
t: 100; Acc:   0.54,  -0.70,  -0.35
Gyro:  -2.01,  -4.82,  -0.49
t: 100; Acc:   0.54,  -0.70,  -0.36
Gyro:  -1.34,  -4.46,   1.40
t: 100; Acc:   0.54,  -0.70,  -0.36
Gyro:  -1.71,  -4.52,   0.37
t: 100; Acc:   0.54,  -0.70,  -0.36
Gyro:  -1.28,  -4.64,   0.98
t: 100; Acc:   0.54,  -0.70,  -0.36
Gyro:  -1.53,  -5.37,   1.46
t: 100; Acc:   0.54,  -0.70,  -0.36
Gyro:  -1.53,  -5.25,   0.43
t: 100; Acc:   0.54,  -0.70,  -0.36
Gyro:  -1.59,  -4.82,   0.79
t: 100; Acc:   0.55,  -0.70,  -0.36
Gyro:  -0.98,  -4.64,   1.40
t: 100; Acc:   0.54,  -0.70,  -0.35
Gyro:  -1.34,  -4.46,   1.16
t: 100; Acc:   0.54,  -0.70,  -0.36
Gyro:  -1.22,  -3.91,   0.85
t: 100; Acc:   0.54,  -0.70,  -0.36
Gyro:  -1.22,  -4.46,   2.08
t: 100; Acc:   0.54,  -0.70,  -0.36
Gyro:  -1.10,  -5.55,   2.99
t: 100; Acc:   0.53,  -0.71,  -0.36
Gyro:  -1.40,  -5.25,   3.66
t: 100; Acc:   0.54,  -0.70,  -0.36
Gyro:  -1.95,  -5.55,   2.62
t: 100; Acc:   0.54,  -0.71,  -0.36
Gyro:  -1.71,  -5.98,   2.20
t: 100; Acc:   0.53,  -0.70,  -0.36
Gyro:  -1.53,  -5.43,   1.46
t: 100; Acc:   0.53,  -0.71,  -0.36
Gyro:  -2.38,  -5.13,   1.10
t: 100; Acc:   0.53,  -0.70,  -0.37
Gyro:  -2.20,  -4.58,   0.43
t: 100; Acc:   0.53,  -0.70,  -0.36
Gyro:  -2.32,  -4.58,   0.79
t: 100; Acc:   0.52,  -0.71,  -0.36
Gyro:  -2.01,  -5.25,   1.77
t: 100; Acc:   0.52,  -0.71,  -0.37
Gyro:   0.06,  -5.80,   0.67
t: 100; Acc:   0.52,  -0.71,  -0.36
Gyro:   0.73,  -3.17,   0.18
t: 100; Acc:   0.53,  -0.71,  -0.36
Gyro:   0.49,  -2.44,  -0.61
t: 100; Acc:   0.53,  -0.71,  -0.35
Gyro:   0.12,  -2.20,   0.43
t: 100; Acc:   0.53,  -0.71,  -0.35
Gyro:  -0.79,  -2.26,   1.83
t: 100; Acc:   0.53,  -0.71,  -0.35
Gyro:  -0.98,  -2.93,   0.85
t: 100; Acc:   0.54,  -0.71,  -0.35
Gyro:  -0.85,  -3.54,   1.28
t: 100; Acc:   0.53,  -0.71,  -0.35
Gyro:  -0.31,  -3.66,   1.65
t: 100; Acc:   0.54,  -0.71,  -0.35
Gyro:  -0.79,  -3.66,   1.04
t: 100; Acc:   0.54,  -0.72,  -0.34
Gyro:   0.43,  -3.17,   1.16
t: 100; Acc:   0.54,  -0.72,  -0.34
Gyro:  -0.24,  -2.14,   2.38
t: 100; Acc:   0.54,  -0.72,  -0.33
Gyro:  -0.67,  -1.71,  -0.18
t: 100; Acc:   0.55,  -0.72,  -0.33
Gyro:  -1.53,  -2.01,  -0.61
