t: 100; Acc:   0.69,  -0.66,  -0.12
Gyro:   3.66,   3.54,  -7.63
t: 100; Acc:   0.72,  -0.65,  -0.09
Gyro:   2.62,   5.55,  -3.66
t: 100; Acc:   0.72,  -0.65,  -0.08
Gyro:   3.54,   4.88,  -3.66
t: 100; Acc:   0.73,  -0.64,  -0.06
Gyro:   2.26,  -1.10,  -2.69
t: 100; Acc:   0.72,  -0.65,  -0.06
Gyro:   2.26,  -1.04,  -0.43
t: 100; Acc:   0.73,  -0.64,  -0.05
Gyro:  -3.78,  11.54,   1.71
t: 100; Acc:   0.71,  -0.65,  -0.06
Gyro:   0.18,   0.73,  -0.98
t: 100; Acc:   0.75,  -0.64,  -0.03
Gyro:   3.30,  -5.07,  -2.01
t: 100; Acc:   0.78,  -0.66,   0.00
Gyro:   9.77, -14.71,  -1.04
t: 100; Acc:   1.52,  -0.13,   0.50
Gyro:  62.68, -38.76,  -4.82
t: 100; Acc:   2.07,  -0.43,  -0.48
Gyro:  60.79, -159.42, -264.22
t: 100; Acc:   0.74,  -1.06,   0.36
Gyro: -25.88, -75.20, -273.13
t: 100; Acc:   0.32,  -0.93,   0.12
Gyro:  -1.46, -19.90, -132.63
t: 100; Acc:  -0.02,  -0.93,   0.38
Gyro: 148.07,  29.85,  19.78
t: 100; Acc:   0.85,  -1.47,   0.08
Gyro: 191.83, 157.96, 215.15
t: 100; Acc:   0.86,  -2.84,   0.55
Gyro: 173.65, 308.59, 311.89
t: 100; Acc:   1.98,  -0.44,  -0.06
Gyro: -45.59, 131.16, 244.63
t: 100; Acc:   1.24,   0.02,  -0.10
Gyro:  63.54, -90.09,  -7.26
t: 100; Acc:   0.84,  -0.32,  -0.10
Gyro: -71.29,  -3.36, -49.80
t: 100; Acc:   0.92,  -0.62,  -0.01
Gyro: -111.02,  31.43, -81.36
t: 100; Acc:   0.85,  -0.89,  -0.06
Gyro: -116.88,  43.27, -95.95
t: 100; Acc:   0.59,  -1.07,  -0.26
Gyro: -121.09,  76.35, -83.68
t: 100; Acc:   0.60,  -0.82,  -0.18
Gyro: -86.06,  41.75, -28.87
t: 100; Acc:   0.29,  -0.05,  -0.09
Gyro: -26.12,  33.51,  18.55
t: 100; Acc:   1.09,  -0.54,   0.17
Gyro:  -3.72,  15.99,  45.04
t: 100; Acc:   0.81,  -0.66,   0.03
Gyro:  -1.10, -25.45,  11.05
t: 100; Acc:   0.77,  -0.61,  -0.01
Gyro:  -5.13,  -7.75,  -1.40
