t: 100; Acc:   0.77,  -0.50,  -0.27
Gyro:  -2.01,  -8.91,  -1.10
t: 100; Acc:   0.76,  -0.50,  -0.28
Gyro:  -2.01,  -7.75,  -1.16
t: 100; Acc:   0.75,  -0.50,  -0.28
Gyro:  -4.88,  -2.14,   0.31
t: 100; Acc:   0.77,  -0.48,  -0.26
Gyro:   1.34,  -5.31,  -2.62
t: 100; Acc:   0.76,  -0.50,  -0.30
Gyro:   1.89,   2.38,  -0.18
t: 100; Acc:   0.79,  -0.48,  -0.26
Gyro:   4.58,   7.32,  -7.45
t: 100; Acc:   0.85,  -0.49,  -0.20
Gyro:   6.29,   0.73, -13.43
t: 100; Acc:   1.64,   1.36,  -0.94
Gyro:  14.53, -13.92, -56.46
t: 100; Acc:   1.94,  -0.58,  -0.16
Gyro: -80.57, -22.46, -269.47
t: 100; Acc:   1.07,  -0.92,   0.30
Gyro: -24.90,  37.90, -253.78
t: 100; Acc:   0.44,  -0.94,   0.04
Gyro: 101.87,  27.83, -153.75
t: 100; Acc:   0.39,  -1.03,  -0.12
Gyro: 148.93,  55.48,  65.92
t: 100; Acc:   1.33,  -1.51,  -0.47
Gyro: 119.81, 135.50, 302.00
t: 100; Acc:   1.02,  -3.45,  -0.74
Gyro: 391.72,   2.01, 316.83
t: 100; Acc:   1.78,  -0.01,  -0.76
Gyro: -59.14,  65.61, 266.54
t: 100; Acc:   1.24,   0.31,  -0.08
Gyro:  53.77, -88.32, -73.85
t: 100; Acc:   0.78,  -0.16,  -0.23
Gyro: -22.09, -34.91, -72.14
t: 100; Acc:   1.06,  -0.47,  -0.22
Gyro: -128.54,  26.86, -69.09
t: 100; Acc:   1.08,  -0.77,  -0.33
Gyro: -158.02,  55.85, -96.01
t: 100; Acc:   0.72,  -0.81,  -0.51
Gyro: -144.78,  67.87, -52.55
t: 100; Acc:   0.48,  -0.60,  -0.38
Gyro: -84.05,  37.23,  -5.98
t: 100; Acc:   0.24,  -1.87,  -1.28
Gyro:  77.94,  -4.76,  85.69
t: 100; Acc:   1.12,  -0.45,   0.38
Gyro:  -0.24, -14.53,  38.94
t: 100; Acc:   0.81,  -0.44,  -0.20
Gyro:  -6.77, -10.13,   5.43
t: 100; Acc:   0.80,  -0.44,  -0.25
Gyro:   1.40, -15.01,   5.25
t: 100; Acc:   0.79,  -0.49,  -0.25
Gyro:   0.06,  -9.83,  18.13
