t: 100; Acc:   0.75,  -0.51,  -0.26
Gyro:  -1.10,  -6.96,  -7.57
t: 100; Acc:   0.77,  -0.50,  -0.27
Gyro:   0.12,  -4.52,  -4.33
t: 100; Acc:   0.77,  -0.50,  -0.26
Gyro:  -0.43,  -1.40,  -0.24
t: 100; Acc:   0.78,  -0.49,  -0.25
Gyro:  -0.79,  -2.44,  -1.65
t: 100; Acc:   0.77,  -0.50,  -0.25
Gyro:   2.26,  -5.49,  -1.28
t: 100; Acc:   0.79,  -0.48,  -0.24
Gyro:   2.81,  -3.66,  -1.83
t: 100; Acc:   0.78,  -0.51,  -0.24
Gyro:   3.36,   5.68,   3.05
t: 100; Acc:   0.87,  -0.52,  -0.25
Gyro:  -0.61,   7.32,  -7.93
t: 100; Acc:   2.13,   1.00,  -1.05
Gyro:  10.74, -19.10, -138.49
t: 100; Acc:   1.39,  -0.87,  -0.04
Gyro: -22.16, -44.07, -302.25
t: 100; Acc:   0.34,  -1.07,   0.23
Gyro:  -7.75,   5.49, -153.14
t: 100; Acc:   0.41,  -0.91,   0.10
Gyro:  88.56,   6.23,  50.84
t: 100; Acc:   1.16,  -1.19,  -0.13
Gyro: 207.70,  63.54, 187.99
t: 100; Acc:   3.02,  -0.55,  -2.32
Gyro: 122.74,  -9.22, 275.33
t: 100; Acc:   1.53,  -1.15,  -0.39
Gyro: -71.17, 160.28, 300.23
t: 100; Acc:   1.61,   0.27,  -0.12
Gyro:  22.95, -34.85, 120.61
t: 100; Acc:   0.79,   0.13,  -0.35
Gyro:  60.12, -67.44, -75.74
t: 100; Acc:   0.96,  -0.31,  -0.18
Gyro: -106.45,   9.70, -95.89
t: 100; Acc:   1.07,  -0.83,  -0.32
Gyro: -79.10,  -5.68, -154.66
t: 100; Acc:   0.81,  -1.06,  -0.44
Gyro: -120.54,  23.80, -109.80
t: 100; Acc:   0.65,  -0.92,  -0.49
Gyro: -188.11,  73.97,  -8.61
t: 100; Acc:   0.56,  -0.64,  -0.35
Gyro: -76.84,  10.68,   7.39
t: 100; Acc:   1.01,  -0.28,  -0.92
Gyro:   3.23, -20.08,  83.50
