t: 100; Acc:   0.70,  -0.67,  -0.08
Gyro:  -4.27,  -6.10,   7.14
t: 100; Acc:   0.68,  -0.69,  -0.10
Gyro:  -5.13,  -4.33,   7.02
t: 100; Acc:   0.69,  -0.69,  -0.09
Gyro:  -1.71,  -5.49,  -7.63
t: 100; Acc:   0.70,  -0.66,  -0.09
Gyro:  -2.38,  -5.07,  -3.97
t: 100; Acc:   0.70,  -0.67,  -0.09
Gyro:  -5.31,  -2.56,  -2.38
t: 100; Acc:   0.70,  -0.66,  -0.08
Gyro:  -1.04,   0.61,   4.27
t: 100; Acc:   0.71,  -0.67,  -0.07
Gyro:   4.76,   3.91,   7.26
t: 100; Acc:   0.73,  -0.68,  -0.08
Gyro:  19.59, -23.62,   7.14
t: 100; Acc:   0.76,  -0.64,  -0.12
Gyro:   9.77, -27.40, -10.86
t: 100; Acc:   0.84,  -0.48,  -0.34
Gyro:   6.84, -41.93, -38.33
t: 100; Acc:   1.04,  -0.30,  -0.06
Gyro:  -5.07,  -5.07, -10.56
t: 100; Acc:   0.74,  -0.61,  -0.13
Gyro: -10.80, -14.95,  -1.65
t: 100; Acc:   0.68,  -0.61,  -0.20
Gyro: -15.75, -21.79, -20.63
t: 100; Acc:   0.75,  -0.54,  -0.24
Gyro:  -4.64, -24.54,  -9.83
t: 100; Acc:   0.74,  -0.50,  -0.30
Gyro:   6.04,  31.19,  16.85
t: 100; Acc:  -0.19,  -1.27,  -0.06
Gyro:   2.56,  30.58,  11.11
t: 100; Acc:   3.72,  -0.26,  -0.09
Gyro: -142.40, 147.71, -289.25
t: 100; Acc:  -0.92,  -2.26,   0.68
Gyro: 186.77, -47.79, -294.19
t: 100; Acc:  -0.29,  -3.23,  -0.01
Gyro:  84.66,  44.86, 306.40
t: 100; Acc:  -0.16,  -1.39,   0.30
Gyro: 337.22, -332.52, 478.58
t: 100; Acc:   1.24,  -2.13,  -1.14
Gyro: 303.47, -36.01, 182.43
t: 100; Acc:   1.23,  -0.02,  -0.23
Gyro: 122.38, -24.84,   1.95
t: 100; Acc:   0.43,  -0.05,  -0.30
Gyro:  70.56, -40.28, -30.88
t: 100; Acc:   0.36,  -0.10,  -0.36
Gyro: -10.31, -26.67,  15.26
t: 100; Acc:   0.78,  -0.33,  -0.12
Gyro: -118.35,  -9.58,   9.58
t: 100; Acc:   1.22,  -0.84,  -0.06
Gyro: -121.22, -61.34, -84.66
t: 100; Acc:   1.30,  -1.45,   0.04
Gyro: -161.74, -68.48, -155.64
t: 100; Acc:   0.37,  -1.58,   0.57
Gyro: -85.75, -47.18, -54.99
t: 100; Acc:   0.39,  -1.55,   0.43
Gyro: -105.41,  86.49,  75.26
t: 100; Acc:   0.54,  -1.02,   0.08
Gyro:  -5.49, -33.45, -13.24
t: 100; Acc:   0.66,  -0.62,  -0.19
Gyro: -16.66, -33.63,  -1.71
