t: 100; Acc:   0.61,  -0.72,  -0.18
Gyro:  -0.85,  -8.97,   4.88
t: 100; Acc:   0.58,  -0.75,  -0.19
Gyro:   3.17,   1.04,  10.74
t: 100; Acc:   0.60,  -0.76,  -0.15
Gyro:   9.89,   5.68,  -3.36
t: 100; Acc:   0.62,  -0.75,  -0.11
Gyro:  10.01,  11.60,  -7.57
t: 100; Acc:   0.64,  -0.73,  -0.05
Gyro:   5.86,   1.10, -10.93
t: 100; Acc:   0.69,  -0.76,  -0.06
Gyro:   0.37,   1.22,  -8.54
t: 100; Acc:   0.96,  -0.44,  -0.36
Gyro: -15.69,  -2.26,  -3.54
t: 100; Acc:   1.06,  -0.48,  -0.49
Gyro:  -8.06, -62.81, -84.84
t: 100; Acc:   0.94,  -0.62,  -0.25
Gyro: -44.07, -64.88, -109.92
t: 100; Acc:   0.72,  -0.61,   0.01
Gyro: -83.07,   8.79, -61.77
t: 100; Acc:   0.66,  -0.74,   0.10
Gyro: -38.88,  21.79, -23.62
t: 100; Acc:   0.20,  -0.91,   0.54
Gyro:  60.49,  -3.66,  65.31
t: 100; Acc:   0.51,  -1.62,   0.07
Gyro: 152.34,  52.86, 220.34
t: 100; Acc:   0.43,  -0.99,  -0.23
Gyro:  66.47,  32.10, 200.01
t: 100; Acc:   0.89,  -0.56,  -0.38
Gyro:  51.09,  -3.23,  63.17
t: 100; Acc:   0.85,  -0.33,  -0.28
Gyro:   2.26, -27.59,  -8.85
t: 100; Acc:   0.71,  -0.58,  -0.22
Gyro: -26.67, -44.13, -52.12
t: 100; Acc:   0.68,  -0.85,  -0.05
Gyro: -70.50, -29.17, -75.50
t: 100; Acc:   0.56,  -0.88,   0.13
Gyro: -55.54, -28.20, -49.87
t: 100; Acc:   3.24,   1.40,   0.23
Gyro: -166.02,  69.03,  -5.25
t: 100; Acc:   0.61,  -0.74,  -0.13
Gyro: -10.07, -15.20,  -7.81
t: 100; Acc:   0.63,  -0.70,  -0.16
Gyro:  -7.57, -15.44,  -7.69
t: 100; Acc:   0.66,  -0.68,  -0.18
Gyro:  -4.88, -10.86,  -0.49
t: 100; Acc:   0.66,  -0.69,  -0.18
Gyro:  -5.62, -10.19,   0.18
t: 100; Acc:   0.66,  -0.68,  -0.18
Gyro:  -6.77,  -9.40,  -2.20
