t: 100; Acc:   0.62,  -0.74,  -0.13
Gyro:  -0.92,  -3.97,   1.40
t: 100; Acc:   0.63,  -0.74,  -0.13
Gyro:  -1.95,  -2.75,   0.12
t: 100; Acc:   0.61,  -0.74,  -0.14
Gyro:  -6.90,  -3.05,  -3.17
t: 100; Acc:   0.63,  -0.73,  -0.13
Gyro:  -2.26,  -2.44,  -5.37
t: 100; Acc:   0.63,  -0.72,  -0.13
Gyro:   1.83,  -1.34,  -1.59
t: 100; Acc:   0.64,  -0.72,  -0.11
Gyro:   9.03,   2.20,  -7.75
t: 100; Acc:   0.69,  -0.78,  -0.10
Gyro:  14.89,  -1.83, -16.60
t: 100; Acc:   1.59,  -0.59,  -1.64
Gyro:  14.34, -40.41,  12.88
t: 100; Acc:   1.33,  -1.12,  -0.56
Gyro: -91.19, -76.90, -199.22
t: 100; Acc:   0.28,  -0.99,   0.59
Gyro: -88.44, -35.22, -128.91
t: 100; Acc:  -0.36,  -1.14,   1.08
Gyro:  29.17,  22.83, 110.05
t: 100; Acc:   1.10,  -1.90,   0.23
Gyro: 197.33,  47.00, 317.63
t: 100; Acc:   1.59,  -0.70,  -0.41
Gyro:  88.20,   1.16, 147.71
t: 100; Acc:   0.77,  -0.58,  -0.58
Gyro:   6.59,  -0.12, -26.43
t: 100; Acc:   0.50,  -0.74,  -0.20
Gyro: -35.40, -47.55, -100.77
t: 100; Acc:   0.33,  -1.96,  -0.20
Gyro: -10.19,  32.23,  32.96
t: 100; Acc:   0.68,  -0.55,  -0.02
Gyro: -40.83, -30.64, -30.15
t: 100; Acc:   0.70,  -0.67,  -0.15
Gyro: -17.76, -25.57,  -7.69
t: 100; Acc:   0.66,  -0.66,  -0.21
Gyro:  -9.89, -16.78,  -0.67
t: 100; Acc:   0.65,  -0.67,  -0.22
Gyro:  -6.96,  -9.77,   7.20
t: 100; Acc:   0.63,  -0.68,  -0.23
Gyro:  -4.15,  -8.67,   9.70
t: 100; Acc:   0.63,  -0.69,  -0.23
Gyro:  -2.62,  -6.41,  14.10
t: 100; Acc:   0.61,  -0.72,  -0.24
Gyro:  -3.17,  -9.64,  10.19
