t: 100; Acc:   0.64,  -0.72,  -0.15
Gyro:  -0.79,  -5.37,  -0.06
t: 100; Acc:   0.64,  -0.71,  -0.15
Gyro:  -1.34,  -5.19,   0.49
t: 100; Acc:   0.64,  -0.72,  -0.14
Gyro:  -1.28,  -5.80,   0.43
t: 100; Acc:   0.62,  -0.72,  -0.15
Gyro:  -0.06,  -4.58,   0.98
t: 100; Acc:   0.62,  -0.71,  -0.16
Gyro:   0.92,  -3.17,  -0.24
t: 100; Acc:   0.65,  -0.72,  -0.13
Gyro:   5.86,   2.01,  -7.57
t: 100; Acc:   0.70,  -0.75,  -0.10
Gyro:   3.85,  -2.44,  -7.51
t: 100; Acc:   2.04,   0.03,  -0.63
Gyro:  35.64, -49.99, -65.61
t: 100; Acc:   0.94,  -0.87,  -0.24
Gyro: -107.73, -65.25, -168.95
t: 100; Acc:   0.55,  -0.70,   0.14
Gyro: -86.49,  15.26, -113.22
t: 100; Acc:  -0.44,  -1.07,   0.88
Gyro:  49.38, -28.75,  16.97
t: 100; Acc:   1.39,  -2.78,   0.61
Gyro: 253.91, 149.90, 335.75
t: 100; Acc:   1.33,  -1.08,  -0.27
Gyro:  56.52,  93.87, 137.15
t: 100; Acc:   1.08,  -0.36,  -0.20
Gyro:  28.87, -31.31,   9.34
t: 100; Acc:   0.69,  -0.49,  -0.24
Gyro:  -2.69, -43.95, -34.24
t: 100; Acc:   0.63,  -0.66,  -0.28
Gyro: -41.81, -34.91, -38.33
t: 100; Acc:   0.58,  -0.84,  -0.00
Gyro: -59.33, -14.40, -19.59
t: 100; Acc:   0.46,  -0.84,   0.38
Gyro: -16.97, -15.20,   7.08
t: 100; Acc:   0.85,  -0.48,  -0.56
Gyro: -17.33, -50.48, -11.05
t: 100; Acc:   0.69,  -0.69,  -0.14
Gyro: -14.10, -12.63,  -7.45
t: 100; Acc:   0.63,  -0.70,  -0.17
Gyro: -11.78,  -7.51,  -0.67
t: 100; Acc:   0.64,  -0.70,  -0.18
Gyro:  -9.64,  -9.52,   3.36
t: 100; Acc:   0.63,  -0.72,  -0.19
Gyro:  -6.53,  -9.28,   4.46
t: 100; Acc:   0.61,  -0.72,  -0.20
Gyro:  -4.09, -10.99,   1.83
t: 100; Acc:   0.60,  -0.72,  -0.22
Gyro:  -7.57, -12.08,  -7.63
t: 100; Acc:   0.64,  -0.67,  -0.23
Gyro:  -0.98,   1.22,  -7.14
