t: 100; Acc:   0.52,  -0.82,  -0.04
Gyro:  -0.85,  -5.25,   1.95
t: 100; Acc:   0.52,  -0.83,  -0.04
Gyro:  -0.85,  -4.64,   2.20
t: 100; Acc:   0.52,  -0.83,  -0.04
Gyro:  -0.73,  -5.00,   1.71
t: 100; Acc:   0.52,  -0.82,  -0.04
Gyro:  -0.85,  -5.19,   1.34
t: 100; Acc:   0.52,  -0.83,  -0.04
Gyro:  -0.79,  -5.55,   1.04
t: 100; Acc:   0.52,  -0.83,  -0.04
Gyro:  -1.04,  -6.96,   1.10
t: 100; Acc:   0.52,  -0.83,  -0.04
Gyro:  -0.73,  -6.10,   1.04
t: 100; Acc:   0.52,  -0.83,  -0.05
Gyro:  -0.73,  -6.47,   1.28
t: 100; Acc:   0.52,  -0.82,  -0.05
Gyro:  -0.79,  -1.28,   0.37
t: 100; Acc:   0.53,  -0.82,  -0.04
Gyro:   0.43,  -7.75,   1.40
t: 100; Acc:   0.55,  -0.81,  -0.03
Gyro:   1.71,  -5.19,  -5.86
t: 100; Acc:   0.53,  -0.83,  -0.05
Gyro:   8.00,   2.50,  -7.45
t: 100; Acc:   0.54,  -0.88,  -0.08
Gyro:  12.39,   7.69,  -7.45
t: 100; Acc:   1.56,  -0.61,  -1.36
Gyro: -205.93, 149.84,   5.07
t: 100; Acc:   1.41,  -1.02,  -0.15
Gyro: -172.12, -29.54, -212.16
t: 100; Acc:   0.24,  -0.82,   0.57
Gyro: -78.49,  -6.16, -167.79
t: 100; Acc:  -0.44,  -1.19,   0.55
Gyro:  50.96,  16.36,  14.16
t: 100; Acc:  -0.09,  -2.25,   0.20
Gyro:  86.12, 108.40, 306.95
t: 100; Acc:   1.38,  -1.92,   0.04
Gyro:  36.62,  93.69, 359.31
t: 100; Acc:   0.57,  -1.28,  -0.13
Gyro: 187.07, -115.36, 102.97
t: 100; Acc:   0.95,  -0.43,  -0.10
Gyro:   6.47,  20.94,  32.96
t: 100; Acc:   0.20,  -0.56,  -0.13
Gyro:  20.26, -58.72, -21.91
t: 100; Acc:   0.54,  -0.56,  -0.07
Gyro: -42.85,  -7.75, -23.56
t: 100; Acc:   0.64,  -0.89,   0.02
Gyro: -56.09, -53.22, -72.57
t: 100; Acc:   0.59,  -1.14,   0.20
Gyro: -72.14, -67.20, -95.89
t: 100; Acc:   0.44,  -1.13,   0.45
Gyro: -34.73, -75.81, -67.99
t: 100; Acc:  -0.73,  -0.85,   1.32
Gyro:  24.11, -43.40,  37.84
t: 100; Acc:   0.39,  -0.87,  -0.05
Gyro:   3.48, -27.28,  20.69
t: 100; Acc:   0.58,  -0.81,  -0.00
Gyro:  -3.66, -13.31,  -7.45
t: 100; Acc:   0.53,  -0.82,  -0.04
Gyro:  -3.85, -16.66,  -2.56
t: 100; Acc:   0.53,  -0.82,  -0.05
Gyro:  -3.48, -10.01,   1.77
t: 100; Acc:   0.53,  -0.82,  -0.05
Gyro:  -2.87,  -6.10,   3.30
t: 100; Acc:   0.52,  -0.82,  -0.05
Gyro:  -2.44,  -0.43,   3.23
t: 100; Acc:   0.53,  -0.82,  -0.05
Gyro:   0.00,  -2.08,   0.67
t: 100; Acc:   0.53,  -0.82,  -0.05
Gyro:  -1.16,  -1.22,   2.01
