t: 100; Acc:   0.47,  -0.86,  -0.07
Gyro:  -0.43,  -0.79,  -3.05
t: 100; Acc:   0.47,  -0.85,  -0.06
Gyro:  -1.28,  -1.77,   4.03
t: 100; Acc:   0.46,  -0.86,  -0.06
Gyro:  -1.83,  -3.85,   1.22
t: 100; Acc:   0.46,  -0.85,  -0.07
Gyro:  -2.81,   5.74,  -4.15
t: 100; Acc:   0.47,  -0.85,  -0.06
Gyro:  -0.98,   2.62,  -0.18
t: 100; Acc:   0.47,  -0.86,  -0.04
Gyro:   0.18,  -1.40,  -7.02
t: 100; Acc:   0.49,  -0.86,  -0.06
Gyro:   1.59, -11.84, -18.01
t: 100; Acc:   0.55,  -0.79,  -0.09
Gyro:   3.05,  -2.26, -14.10
t: 100; Acc:   0.68,  -0.83,  -0.41
Gyro:   6.10,  93.08,  38.88
t: 100; Acc:   1.15,  -1.32,  -0.73
Gyro: -277.22, 254.82, -95.70
t: 100; Acc:   0.49,  -1.17,   0.20
Gyro: -170.96,  27.95, -232.97
t: 100; Acc:  -0.03,  -0.72,   0.53
Gyro:   0.92, -31.56, -139.53
t: 100; Acc:  -0.43,  -1.23,   0.46
Gyro:  89.17,  36.32,  90.27
t: 100; Acc:   0.37,  -2.68,   0.21
Gyro: 172.79,  68.18, 373.35
t: 100; Acc:   1.76,  -1.75,  -0.67
Gyro:  93.38, -11.66, 235.66
t: 100; Acc:   0.98,  -0.55,  -0.32
Gyro:   1.22,  -5.55,  62.74
t: 100; Acc:   0.69,  -0.45,  -0.04
Gyro:  19.84, -103.76, -28.69
t: 100; Acc:   0.49,  -0.70,  -0.14
Gyro:  -5.80, -103.82, -34.55
t: 100; Acc:   0.66,  -0.90,   0.03
Gyro: -49.50, -77.70, -23.99
t: 100; Acc:   0.73,  -0.96,   0.20
Gyro: -20.81, -163.51, -42.72
t: 100; Acc:  -0.38,  -3.28,   5.74
Gyro: -90.88, 290.89, -86.12
t: 100; Acc:  -0.09,  -1.00,  -0.51
Gyro:  -9.89, -32.29,  16.78
t: 100; Acc:   0.41,  -0.85,  -0.13
Gyro:  -9.28, -21.55,   0.79
t: 100; Acc:   0.46,  -0.84,  -0.10
Gyro:  -6.71, -11.41,   0.55
t: 100; Acc:   0.48,  -0.84,  -0.09
Gyro:  -5.68,  -5.13,   1.77
t: 100; Acc:   0.47,  -0.84,  -0.09
Gyro:  -6.77,  -8.42,   5.37
