t: 100; Acc:   0.53,  -0.81,  -0.10
Gyro:   0.00,  -2.75,   2.99
t: 100; Acc:   0.52,  -0.82,  -0.10
Gyro:  -0.85,  -1.77,   2.38
t: 100; Acc:   0.53,  -0.81,  -0.09
Gyro:  -0.85,  -4.82,   3.36
t: 100; Acc:   0.51,  -0.82,  -0.11
Gyro:   1.83,  -8.85,   5.49
t: 100; Acc:   0.51,  -0.82,  -0.09
Gyro:   1.77,  -6.35,   1.71
t: 100; Acc:   0.50,  -0.82,  -0.10
Gyro:   2.20,  -4.33,  -0.67
t: 100; Acc:   0.51,  -0.83,  -0.10
Gyro:   6.90,  -3.30,  -7.51
t: 100; Acc:   0.56,  -0.89,  -0.05
Gyro:   7.81,  13.06,  -6.65
t: 100; Acc:   0.87,  -1.21,  -1.41
Gyro: -99.06,  81.60,  43.03
t: 100; Acc:   1.94,  -1.02,  -0.05
Gyro: -267.33, 148.62, -181.64
t: 100; Acc:  -0.10,  -0.82,   0.75
Gyro: -80.87,  -8.00, -212.46
t: 100; Acc:  -0.59,  -1.17,   0.45
Gyro:  33.94,  68.24,  54.44
t: 100; Acc:   0.38,  -1.71,   0.13
Gyro: 115.91,  62.44, 291.75
t: 100; Acc:   0.07,  -2.49,   0.00
Gyro: 210.57, -18.74, 550.84
t: 100; Acc:   1.27,  -0.27,  -0.78
Gyro:   5.74, -101.56,  22.77
t: 100; Acc:   0.53,  -0.79,  -0.08
Gyro: -16.30, -155.09, -90.58
t: 100; Acc:   0.80,  -1.34,   1.29
Gyro:   0.18, -178.34, -73.85
t: 100; Acc:  -0.01,  -0.80,  -0.07
Gyro: -54.57, -76.97,  28.63
t: 100; Acc:   0.62,  -0.82,   0.06
Gyro:  -7.93, -20.87,   3.54
t: 100; Acc:   0.55,  -0.82,  -0.03
Gyro:  -6.65, -15.50,   1.28
t: 100; Acc:   0.52,  -0.83,  -0.07
Gyro:  -2.75, -11.05,  -0.31
t: 100; Acc:   0.51,  -0.82,  -0.08
Gyro:  -0.67,  -5.31,   6.47
t: 100; Acc:   0.51,  -0.83,  -0.05
Gyro:   0.18,   4.94,  15.93
