t: 100; Acc:   0.53,  -0.82,  -0.02
Gyro:  -4.94,  -9.22,  -3.23
t: 100; Acc:   0.53,  -0.83,  -0.02
Gyro:  -6.77, -10.25,  -0.06
t: 100; Acc:   0.52,  -0.80,  -0.07
Gyro:  -3.72, -11.23,  -7.57
t: 100; Acc:   0.56,  -0.80,  -0.05
Gyro:   5.31,   1.83,  -5.86
t: 100; Acc:   0.57,  -0.89,  -0.05
Gyro:  22.40,  48.28,  25.51
t: 100; Acc:   1.49,  -0.49,  -1.31
Gyro: -239.93, 300.66, -47.36
t: 100; Acc:   1.04,  -1.29,   0.28
Gyro: -199.83,  -3.17, -283.57
t: 100; Acc:   0.04,  -0.76,   0.54
Gyro: -73.43,  -0.98, -156.01
t: 100; Acc:  -0.37,  -1.28,   0.59
Gyro:  67.08,  34.36,  60.36
t: 100; Acc:   0.34,  -2.63,   0.28
Gyro: 144.29,  89.78, 345.70
t: 100; Acc:   1.51,  -2.87,   0.25
Gyro: -12.76, 160.52, 283.63
t: 100; Acc:   0.49,  -0.83,  -0.43
Gyro: 145.63, -164.25,  86.30
t: 100; Acc:   0.62,  -0.53,   0.13
Gyro:  14.28, -29.97,  21.97
t: 100; Acc:   0.46,  -0.65,  -0.08
Gyro:   0.49, -45.90,  -6.90
t: 100; Acc:   0.57,  -0.76,  -0.01
Gyro: -31.01, -61.22, -40.89
t: 100; Acc:   0.69,  -0.94,   0.10
Gyro: -45.96, -117.19, -68.66
t: 100; Acc:   0.61,  -0.99,   0.38
Gyro: -45.53, -117.19, -67.26
t: 100; Acc:   0.48,  -1.00,   0.13
Gyro:  -1.95, -96.37, -54.99
t: 100; Acc:   0.66,  -1.25,   0.15
Gyro:  -4.03, -21.91,  32.35
t: 100; Acc:   0.53,  -0.86,   0.03
Gyro:  -6.77,  -8.54,  -1.34
t: 100; Acc:   0.48,  -0.84,  -0.05
Gyro:  -6.65, -10.19,   2.08
