t: 100; Acc:   0.57,  -0.80,  -0.13
Gyro:  -6.59, -10.50,  -5.19
t: 100; Acc:   0.58,  -0.75,  -0.15
Gyro:  -1.46, -14.71,  -7.57
t: 100; Acc:   0.58,  -0.76,  -0.14
Gyro:   0.79,  -9.64,  -1.22
t: 100; Acc:   0.60,  -0.76,  -0.12
Gyro:   0.79,  -5.49,   3.17
t: 100; Acc:   0.58,  -0.76,  -0.12
Gyro:   5.49,  -7.20,   3.60
t: 100; Acc:   0.60,  -0.76,  -0.11
Gyro:   2.69,   2.75,   1.40
t: 100; Acc:   0.63,  -0.78,  -0.08
Gyro:   4.82,   5.68,  22.03
t: 100; Acc:   1.17,  -0.31,   0.04
Gyro:  45.47, -10.93,  14.65
t: 100; Acc:   0.85,  -1.01,  -0.48
Gyro: -170.35, 156.13, -113.40
t: 100; Acc:   0.42,  -1.10,  -0.01
Gyro: -76.05, -26.49, -154.05
t: 100; Acc:  -0.07,  -1.07,  -0.14
Gyro: -39.55, -26.12, -38.02
t: 100; Acc:   0.75,  -0.96,   0.21
Gyro: -38.45,  26.55,  51.51
t: 100; Acc:  -0.07,  -1.68,   0.25
Gyro:  -1.10,  -2.75, 192.99
t: 100; Acc:  -1.70,  -1.50,   0.47
Gyro:  45.53, -75.68,  54.57
t: 100; Acc:   1.99,  -0.50,   0.16
Gyro:  49.50,   5.55,  44.13
t: 100; Acc:   1.11,  -0.23,  -0.26
Gyro: 107.24, -150.27, -146.85
t: 100; Acc:   0.41,  -0.69,  -0.10
Gyro:  44.37, -167.11, -155.21
t: 100; Acc:   1.74,  -0.77,  -2.28
Gyro:  61.58, -61.40,  85.82
t: 100; Acc:   0.47,  -0.64,  -0.18
Gyro: -11.66, -24.23,   4.03
t: 100; Acc:   0.53,  -0.82,  -0.06
Gyro:  -0.24,  -7.57,  15.93
t: 100; Acc:   0.53,  -0.81,  -0.07
Gyro:  -2.50,  -5.80,   9.64
t: 100; Acc:   0.54,  -0.81,  -0.05
Gyro:  -1.89, -10.31,  -6.10
t: 100; Acc:   0.55,  -0.80,  -0.05
Gyro:   2.75,  -2.69,   1.34
t: 100; Acc:   0.53,  -0.82,  -0.03
Gyro:   7.20,   0.37,   7.20
t: 100; Acc:   0.53,  -0.83,  -0.02
Gyro:   9.83,  -7.57,  17.88
t: 100; Acc:   0.46,  -0.87,  -0.02
Gyro:   5.62,  -4.94,  11.17
t: 100; Acc:   0.47,  -0.85,  -0.01
Gyro:   1.71,  -3.66,  13.06
t: 100; Acc:   0.44,  -0.89,  -0.01
Gyro:   0.00,  -9.70,   6.04
