t: 100; Acc:   0.74,  -0.60,  -0.18
Gyro:  -0.92,  -5.68,  -0.73
t: 100; Acc:   0.74,  -0.59,  -0.18
Gyro:  -1.10,  -3.72,   0.43
t: 100; Acc:   0.74,  -0.60,  -0.18
Gyro:  -0.49,  -5.68,   2.14
t: 100; Acc:   0.73,  -0.60,  -0.18
Gyro:  -0.79,  -6.23,   0.49
t: 100; Acc:   0.73,  -0.60,  -0.18
Gyro:  -0.24,  -5.55,  -3.05
t: 100; Acc:   0.75,  -0.61,  -0.18
Gyro:   3.48, -12.82,  -9.22
t: 100; Acc:   0.79,  -0.52,  -0.17
Gyro:  -5.80,   5.49,  11.17
t: 100; Acc:   0.92,  -0.66,  -0.36
Gyro:  14.10,  30.03,   6.47
t: 100; Acc:   1.87,  -0.36,  -0.72
Gyro: -337.16, 108.52, -143.62
t: 100; Acc:   0.36,  -0.97,   0.48
Gyro: -127.32,   4.88, -196.53
t: 100; Acc:  -0.00,  -1.05,   0.28
Gyro:  25.45,  16.11,   0.55
t: 100; Acc:   0.60,  -1.31,  -0.01
Gyro:  49.99,  56.82, 201.42
t: 100; Acc:   1.84,  -1.87,  -0.78
Gyro:  21.00,  55.91, 351.38
t: 100; Acc:   1.34,  -1.69,  -0.32
Gyro: -25.76,  55.91, 263.43
t: 100; Acc:   0.85,  -0.70,  -0.03
Gyro: 106.26, -93.87,  70.98
t: 100; Acc:   0.50,  -0.55,  -0.03
Gyro:  46.63, -38.45,  32.41
t: 100; Acc:   0.56,  -0.36,  -0.15
Gyro:  18.37, -43.58,  -3.23
t: 100; Acc:   0.64,  -0.44,  -0.19
Gyro: -28.63, -57.01, -50.90
t: 100; Acc:   0.77,  -0.77,  -0.13
Gyro: -73.12, -63.90, -88.50
t: 100; Acc:   0.93,  -1.03,   0.09
Gyro: -71.41, -85.39, -110.84
t: 100; Acc:   0.87,  -1.09,   0.26
Gyro: -56.76, -75.38, -99.18
t: 100; Acc:   0.54,  -0.31,   0.22
Gyro:   1.89, -75.07, -37.48
t: 100; Acc:   1.32,  -0.38,  -0.24
Gyro:   9.70,  21.85,  47.24
t: 100; Acc:   0.59,  -0.80,  -0.18
Gyro:  -0.92,  -7.26,  10.86
