t: 100; Acc:   0.45,  -0.75,  -0.38
Gyro:  -0.67,  -5.07,   0.85
t: 100; Acc:   0.46,  -0.75,  -0.37
Gyro:  -1.59,  -4.39,   0.73
t: 100; Acc:   0.45,  -0.75,  -0.38
Gyro:  -0.31,  -6.04,   0.55
t: 100; Acc:   0.46,  -0.75,  -0.37
Gyro:  -0.98,  -4.46,   0.49
t: 100; Acc:   0.45,  -0.75,  -0.38
Gyro:  -1.28,  -4.70,   2.50
t: 100; Acc:   0.45,  -0.75,  -0.37
Gyro:  -1.04,  -3.97,   1.95
t: 100; Acc:   0.46,  -0.75,  -0.38
Gyro:  -1.10,  -4.52,   2.01
t: 100; Acc:   0.46,  -0.75,  -0.37
Gyro:  -1.53,  -4.52,   2.69
t: 100; Acc:   0.45,  -0.75,  -0.38
Gyro:  -0.24,  -4.64,   2.50
t: 100; Acc:   0.45,  -0.75,  -0.37
Gyro:  -0.98,  -4.03,   3.48
t: 100; Acc:   0.46,  -0.75,  -0.38
Gyro:  -1.22,  -4.21,   1.83
t: 100; Acc:   0.45,  -0.75,  -0.37
Gyro:  -1.34,  -5.00,   3.30
t: 100; Acc:   0.44,  -0.75,  -0.38
Gyro:  -1.28,  -4.88,   1.40
t: 100; Acc:   0.45,  -0.75,  -0.38
Gyro:  -1.65,  -4.76,   1.89
t: 100; Acc:   0.45,  -0.75,  -0.38
Gyro:  -1.59,  -3.91,   2.26
t: 100; Acc:   0.44,  -0.75,  -0.37
Gyro:  -1.04,  -5.13,   2.93
t: 100; Acc:   0.44,  -0.75,  -0.38
Gyro:  -0.85,  -4.39,   1.83
t: 100; Acc:   0.44,  -0.75,  -0.38
Gyro:  -0.37,  -4.94,   1.77
t: 100; Acc:   0.45,  -0.75,  -0.38
Gyro:  -0.92,  -3.78,   2.62
t: 100; Acc:   0.45,  -0.76,  -0.38
Gyro:  -0.98,  -4.21,   1.95
t: 100; Acc:   0.44,  -0.76,  -0.37
Gyro:  -0.55,  -4.27,   1.65
t: 100; Acc:   0.44,  -0.76,  -0.38
Gyro:  -1.16,  -4.70,   2.08
t: 100; Acc:   0.44,  -0.76,  -0.37
Gyro:  -0.61,  -5.13,   1.59
t: 100; Acc:   0.44,  -0.76,  -0.37
Gyro:  -0.98,  -4.94,   1.04
t: 100; Acc:   0.45,  -0.76,  -0.37
Gyro:  -1.28,  -4.58,   1.34
t: 100; Acc:   0.44,  -0.76,  -0.37
Gyro:  -0.61,  -4.76,   0.98
t: 100; Acc:   0.45,  -0.76,  -0.37
Gyro:  -0.67,  -4.76,   0.98
t: 100; Acc:   0.45,  -0.76,  -0.37
Gyro:  -1.95,  -5.00,   1.89
t: 100; Acc:   0.44,  -0.76,  -0.38
Gyro:  -2.56,  -4.52,   3.23
t: 100; Acc:   0.44,  -0.76,  -0.38
Gyro:  -1.65,  -5.68,   2.26
t: 100; Acc:   0.44,  -0.76,  -0.38
Gyro:  -0.43,  -5.62,  -0.61
t: 100; Acc:   0.44,  -0.75,  -0.38
Gyro:  -0.98,  -5.49,  -0.49
t: 100; Acc:   0.44,  -0.75,  -0.37
Gyro:  -1.28,  -5.31,   0.61
t: 100; Acc:   0.44,  -0.76,  -0.37
Gyro:  -1.04,  -4.70,   1.22
t: 100; Acc:   0.44,  -0.76,  -0.37
Gyro:  -1.34,  -4.03,   1.53
t: 100; Acc:   0.45,  -0.75,  -0.38
Gyro:  -1.46,  -4.21,   2.62
t: 100; Acc:   0.44,  -0.75,  -0.37
Gyro:  -0.67,  -3.72,   1.46
t: 100; Acc:   0.45,  -0.76,  -0.37
Gyro:  -1.04,  -5.37,   2.62
t: 100; Acc:   0.45,  -0.76,  -0.37
Gyro:  -0.67,  -4.33,   1.65
t: 100; Acc:   0.44,  -0.76,  -0.37
Gyro:  -0.18,  -3.85,   1.16
