t: 100; Acc:   0.81,  -0.35,  -0.35
Gyro:  -2.99,  -3.60,   1.34
t: 100; Acc:   0.81,  -0.34,  -0.34
Gyro:  -3.91,  -2.50,   2.32
t: 100; Acc:   0.82,  -0.35,  -0.35
Gyro:  -2.62,  -3.72,   2.01
t: 100; Acc:   0.82,  -0.35,  -0.35
Gyro:  -1.95,  -3.97,   0.12
t: 100; Acc:   0.81,  -0.35,  -0.35
Gyro:  -1.16,  -5.00,   1.22
t: 100; Acc:   0.82,  -0.35,  -0.34
Gyro:  -0.67,  -6.23,  -0.37
t: 100; Acc:   0.82,  -0.35,  -0.35
Gyro:  -1.71,  -6.41,   0.49
t: 100; Acc:   0.81,  -0.34,  -0.34
Gyro:  -0.73,  -6.59,   3.11
t: 100; Acc:   0.82,  -0.35,  -0.35
Gyro:  -2.69,  -4.39,  -0.12
t: 100; Acc:   0.82,  -0.36,  -0.35
Gyro:  -2.93,  -4.64,   5.86
t: 100; Acc:   0.81,  -0.36,  -0.35
Gyro:  -2.01,  -4.94,  -0.06
t: 100; Acc:   0.81,  -0.35,  -0.35
Gyro:  -0.98,  -7.02,  -3.60
t: 100; Acc:   0.81,  -0.35,  -0.35
Gyro:  -1.65,  -6.96,   1.40
t: 100; Acc:   0.81,  -0.34,  -0.35
Gyro:  -1.40,  -6.35,  -2.56
t: 100; Acc:   0.82,  -0.34,  -0.36
Gyro:  -1.65,  -6.71,  -2.08
t: 100; Acc:   0.81,  -0.33,  -0.36
Gyro:  -1.28,  -5.62,  -1.65
t: 100; Acc:   0.82,  -0.33,  -0.36
Gyro:  -1.04,  -4.76,  -1.46
t: 100; Acc:   0.82,  -0.33,  -0.36
Gyro:  -1.04,  -5.00,  -0.98
t: 100; Acc:   0.82,  -0.33,  -0.36
Gyro:  -2.20,  -4.64,  -0.12
t: 100; Acc:   0.82,  -0.33,  -0.36
Gyro:  -1.34,  -4.76,  -0.31
t: 100; Acc:   0.82,  -0.33,  -0.36
Gyro:  -0.92,  -6.59,   0.00
t: 100; Acc:   0.82,  -0.33,  -0.36
Gyro:  -1.40,  -6.10,   1.71
t: 100; Acc:   0.82,  -0.34,  -0.36
Gyro:  -0.43,  -6.53,   2.08
t: 100; Acc:   0.82,  -0.32,  -0.37
Gyro:  -2.32,  -5.43,   2.14
t: 100; Acc:   0.81,  -0.33,  -0.37
Gyro:  -1.16,  -6.04,   1.46
t: 100; Acc:   0.81,  -0.33,  -0.37
Gyro:  -1.40,  -5.68,   0.55
t: 100; Acc:   0.81,  -0.33,  -0.36
Gyro:  -1.46,  -5.80,   0.37
t: 100; Acc:   0.81,  -0.33,  -0.37
Gyro:  -1.77,  -5.25,   1.16
t: 100; Acc:   0.81,  -0.34,  -0.36
Gyro:  -1.40,  -5.25,   0.55
t: 100; Acc:   0.81,  -0.34,  -0.37
Gyro:  -1.59,  -5.55,   1.89
t: 100; Acc:   0.81,  -0.34,  -0.37
Gyro:  -1.65,  -5.80,   1.28
t: 100; Acc:   0.81,  -0.33,  -0.37
Gyro:  -1.59,  -4.94,   1.65
t: 100; Acc:   0.81,  -0.34,  -0.37
Gyro:  -1.59,  -5.07,   1.46
t: 100; Acc:   0.81,  -0.34,  -0.37
Gyro:  -1.65,  -5.31,   0.98
t: 100; Acc:   0.81,  -0.33,  -0.37
Gyro:  -1.10,  -5.37,   1.34
t: 100; Acc:   0.81,  -0.34,  -0.37
Gyro:  -1.59,  -4.33,   0.31
t: 100; Acc:   0.81,  -0.34,  -0.36
Gyro:  -1.22,  -3.78,   1.04
t: 100; Acc:   0.81,  -0.34,  -0.36
Gyro:  -2.08,  -5.25,   1.59
t: 100; Acc:   0.81,  -0.34,  -0.37
Gyro:  -0.73,  -4.94,   1.10
t: 100; Acc:   0.81,  -0.34,  -0.37
Gyro:  -1.89,  -5.62,   0.92
t: 100; Acc:   0.82,  -0.34,  -0.36
Gyro:  -1.83,  -4.64,   1.10
t: 100; Acc:   0.82,  -0.33,  -0.37
Gyro:  -1.10,  -4.21,   1.77
t: 100; Acc:   0.81,  -0.34,  -0.37
Gyro:  -1.10,  -5.19,   0.31
t: 100; Acc:   0.82,  -0.34,  -0.36
Gyro:  -0.85,  -3.66,  -0.06
t: 100; Acc:   0.81,  -0.34,  -0.36
Gyro:  -0.98,  -3.97,   1.04
t: 100; Acc:   0.82,  -0.34,  -0.36
Gyro:  -1.77,  -4.15,   0.12
t: 100; Acc:   0.82,  -0.34,  -0.36
Gyro:  -1.89,  -3.48,   1.34
t: 100; Acc:   0.82,  -0.33,  -0.35
Gyro:  -1.83,  -3.78,   0.73
t: 100; Acc:   0.82,  -0.34,  -0.35
Gyro:  -1.46,  -3.54,  -0.06
