t: 100; Acc:   0.75,  -0.47,  -0.35
Gyro:  -1.40,  -3.97,   0.31
t: 100; Acc:   0.76,  -0.46,  -0.35
Gyro:  -1.34,  -2.99,  -0.79
t: 100; Acc:   0.75,  -0.47,  -0.35
Gyro:   0.00,  -2.81,  -0.98
t: 100; Acc:   0.76,  -0.46,  -0.35
Gyro:  -1.10,  -3.11,  -0.73
t: 100; Acc:   0.75,  -0.46,  -0.35
Gyro:  -0.85,  -3.72,  -0.49
t: 100; Acc:   0.76,  -0.46,  -0.35
Gyro:  -1.71,  -2.93,   0.12
t: 100; Acc:   0.76,  -0.46,  -0.35
Gyro:  -1.34,  -2.87,  -0.55
t: 100; Acc:   0.77,  -0.46,  -0.35
Gyro:  -1.65,  -2.75,  -0.67
t: 100; Acc:   0.76,  -0.47,  -0.35
Gyro:  -1.16,  -1.95,  -0.31
t: 100; Acc:   0.76,  -0.47,  -0.36
Gyro:  -2.81,  -0.61,  -0.24
t: 100; Acc:   0.77,  -0.45,  -0.34
Gyro:  -3.36,   0.73,   0.12
t: 100; Acc:   0.77,  -0.44,  -0.35
Gyro:  -1.46,  -0.85,  -3.85
t: 100; Acc:   0.77,  -0.44,  -0.34
Gyro:   0.49,  -5.00,  -3.91
t: 100; Acc:   0.77,  -0.44,  -0.34
Gyro:   0.06,  -4.27,  -0.73
t: 100; Acc:   0.78,  -0.45,  -0.34
Gyro:  -0.85,  -3.23,   2.38
t: 100; Acc:   0.78,  -0.46,  -0.33
Gyro:  -0.67,  -3.66,   1.28
t: 100; Acc:   0.78,  -0.44,  -0.34
Gyro:  -1.28,  -3.30,   0.85
t: 100; Acc:   0.78,  -0.45,  -0.34
Gyro:  -0.73,  -3.78,   2.26
t: 100; Acc:   0.77,  -0.45,  -0.34
Gyro:  -1.22,  -4.27,  -0.49
t: 100; Acc:   0.77,  -0.45,  -0.34
Gyro:  -1.16,  -4.03,  -0.31
t: 100; Acc:   0.78,  -0.45,  -0.33
Gyro:  -1.59,  -4.52,  -0.37
t: 100; Acc:   0.77,  -0.45,  -0.33
Gyro:  -0.61,  -4.58,   0.31
t: 100; Acc:   0.77,  -0.46,  -0.34
Gyro:  -0.85,  -5.07,   0.98
t: 100; Acc:   0.77,  -0.46,  -0.34
Gyro:  -1.53,  -4.21,   0.24
t: 100; Acc:   0.77,  -0.45,  -0.35
Gyro:  -0.85,  -4.33,   0.24
t: 100; Acc:   0.77,  -0.45,  -0.35
Gyro:  -1.59,  -3.91,   0.24
t: 100; Acc:   0.77,  -0.45,  -0.35
Gyro:  -2.14,  -4.09,   1.10
t: 100; Acc:   0.77,  -0.45,  -0.35
Gyro:  -1.89,  -3.91,   0.37
t: 100; Acc:   0.76,  -0.46,  -0.35
Gyro:  -2.01,  -3.48,   1.34
t: 100; Acc:   0.76,  -0.45,  -0.35
Gyro:  -1.04,  -3.42,   1.16
t: 100; Acc:   0.76,  -0.45,  -0.35
Gyro:  -0.67,  -3.72,   0.12
t: 100; Acc:   0.76,  -0.46,  -0.36
Gyro:  -0.06,  -3.91,  -0.55
t: 100; Acc:   0.76,  -0.46,  -0.35
Gyro:  -0.37,  -3.85,  -0.24
t: 100; Acc:   0.76,  -0.46,  -0.35
Gyro:  -1.10,  -3.72,   0.06
t: 100; Acc:   0.77,  -0.45,  -0.35
Gyro:  -0.61,  -3.05,   0.43
t: 100; Acc:   0.76,  -0.46,  -0.35
Gyro:  -1.28,  -3.66,   0.49
t: 100; Acc:   0.76,  -0.46,  -0.34
Gyro:  -1.71,  -3.23,   1.10
t: 100; Acc:   0.76,  -0.46,  -0.35
Gyro:  -1.28,  -2.32,   0.00
t: 100; Acc:   0.77,  -0.46,  -0.35
Gyro:  -1.10,  -3.66,   0.67
t: 100; Acc:   0.76,  -0.46,  -0.35
Gyro:  -1.22,  -3.78,   0.37
t: 100; Acc:   0.76,  -0.46,  -0.34
Gyro:  -0.61,  -3.97,   0.92
t: 100; Acc:   0.76,  -0.46,  -0.35
Gyro:  -0.79,  -3.42,   0.49
t: 100; Acc:   0.76,  -0.46,  -0.35
Gyro:  -1.40,  -4.09,  -0.31
t: 100; Acc:   0.77,  -0.46,  -0.34
Gyro:  -0.92,  -4.03,   0.06
t: 100; Acc:   0.76,  -0.46,  -0.35
Gyro:  -2.08,  -3.91,   0.92
t: 100; Acc:   0.76,  -0.46,  -0.34
Gyro:  -1.22,  -4.27,   0.37
t: 100; Acc:   0.76,  -0.46,  -0.35
Gyro:  -1.10,  -3.72,   0.06
t: 100; Acc:   0.76,  -0.46,  -0.34
Gyro:  -0.43,  -3.85,   0.85
t: 100; Acc:   0.76,  -0.47,  -0.35
Gyro:  -0.55,  -4.82,  -0.37
t: 100; Acc:   0.76,  -0.46,  -0.34
Gyro:  -1.95,  -4.03,  -0.18
t: 100; Acc:   0.77,  -0.46,  -0.35
Gyro:  -1.59,  -3.72,   0.18
t: 100; Acc:   0.76,  -0.46,  -0.35
Gyro:  -1.59,  -3.91,   0.00
t: 100; Acc:   0.76,  -0.46,  -0.35
Gyro:  -1.71,  -4.09,   0.49
t: 100; Acc:   0.76,  -0.46,  -0.35
Gyro:  -0.49,  -3.60,   0.24
t: 100; Acc:   0.77,  -0.46,  -0.34
Gyro:  -1.89,  -3.85,   0.06
t: 100; Acc:   0.75,  -0.46,  -0.33
Gyro:  -0.73,  -4.39,  -0.12
t: 100; Acc:   0.76,  -0.46,  -0.35
Gyro:  -1.40,  -3.23,  -0.24
t: 100; Acc:   0.76,  -0.46,  -0.35
Gyro:  -0.61,  -3.48,   1.10
t: 100; Acc:   0.76,  -0.46,  -0.35
Gyro:  -1.16,  -3.23,  -0.73
t: 100; Acc:   0.76,  -0.46,  -0.35
Gyro:  -0.79,  -3.91,   0.18
t: 100; Acc:   0.76,  -0.46,  -0.35
Gyro:  -1.04,  -3.54,   0.06
t: 100; Acc:   0.76,  -0.46,  -0.34
Gyro:  -0.55,  -3.60,   0.43
t: 100; Acc:   0.76,  -0.46,  -0.35
Gyro:  -1.22,  -2.87,  -0.67
t: 100; Acc:   0.76,  -0.46,  -0.35
Gyro:  -1.34,  -3.60,   0.00
t: 100; Acc:   0.76,  -0.46,  -0.35
Gyro:  -1.40,  -3.30,  -0.43
t: 100; Acc:   0.76,  -0.46,  -0.34
Gyro:  -1.71,  -3.78,  -0.37
t: 100; Acc:   0.76,  -0.46,  -0.35
Gyro:  -0.92,  -3.54,  -0.73
t: 100; Acc:   0.76,  -0.45,  -0.35
Gyro:  -1.16,  -3.48,   0.37
t: 100; Acc:   0.76,  -0.46,  -0.35
Gyro:  -1.04,  -4.15,  -0.06
t: 100; Acc:   0.76,  -0.45,  -0.36
Gyro:  -0.98,  -4.58,  -0.12
