t: 100; Acc:   0.75,  -0.53,  -0.28
Gyro:  -0.24,  -4.03,  -2.75
t: 100; Acc:   0.75,  -0.52,  -0.28
Gyro:  -2.08,  -5.62,  -1.28
t: 100; Acc:   0.75,  -0.52,  -0.28
Gyro:  -3.48,  -6.71,   2.01
t: 100; Acc:   0.75,  -0.52,  -0.28
Gyro:  -4.33,  -6.35,   7.08
t: 100; Acc:   0.74,  -0.53,  -0.29
Gyro:  -2.20,  -5.68,   8.00
t: 100; Acc:   0.74,  -0.54,  -0.29
Gyro:   0.06,  -5.68,  -0.79
t: 100; Acc:   0.75,  -0.52,  -0.28
Gyro:  -0.73,  -8.85,  -1.34
t: 100; Acc:   0.72,  -0.54,  -0.30
Gyro:   1.95,  -7.02,   1.59
t: 100; Acc:   0.74,  -0.53,  -0.28
Gyro:  -1.53,  -5.43,  -0.12
t: 100; Acc:   0.71,  -0.56,  -0.33
Gyro:  10.68, -15.56,   7.26
t: 100; Acc:   0.84,  -0.59,  -0.28
Gyro:  -7.75,   5.74,  -7.69
t: 100; Acc:   1.53,   0.39,   0.38
Gyro:  28.08, -16.66, -41.26
t: 100; Acc:   1.62,  -0.06,  -0.22
Gyro:  30.03, -16.17, -169.13
t: 100; Acc:   1.41,  -0.98,  -0.04
Gyro:   8.00,   2.69, -247.56
t: 100; Acc:   0.49,  -1.12,   0.02
Gyro:  36.19,  20.51, -197.81
t: 100; Acc:   0.20,  -1.29,  -0.16
Gyro: 141.85,  65.55,  18.49
t: 100; Acc:   1.31,  -2.06,  -0.71
Gyro:  81.97, 174.19, 349.61
t: 100; Acc:   1.91,  -1.30,  -1.60
Gyro: -100.34,  49.80, 396.73
t: 100; Acc:   1.97,   0.29,  -0.19
Gyro:  -6.41, -122.92, 120.73
t: 100; Acc:   1.72,   0.58,   0.41
Gyro: -27.47, -79.71, -38.76
t: 100; Acc:   1.55,  -0.10,   0.17
Gyro: -103.82,  20.69, -152.34
t: 100; Acc:   1.05,  -0.58,  -0.31
Gyro: -148.80,  82.40, -116.94
t: 100; Acc:  -1.89,  -2.83,  -1.55
Gyro: 277.53, -44.31, -90.94
t: 100; Acc:   1.07,  -0.43,  -0.21
Gyro:  28.38, -85.08,  -1.95
t: 100; Acc:   0.88,  -0.44,  -0.28
Gyro: -13.12,  -4.58,  35.71
t: 100; Acc:   0.75,  -0.51,  -0.30
Gyro:  -6.77,   9.34,  17.09
t: 100; Acc:   0.74,  -0.49,  -0.33
Gyro:  -6.77,   5.55,  -7.69
t: 100; Acc:   0.76,  -0.46,  -0.30
Gyro:  10.01, -10.01, -10.13
t: 100; Acc:   0.77,  -0.46,  -0.31
Gyro:   5.31, -11.54,  -7.57
t: 100; Acc:   0.79,  -0.47,  -0.28
Gyro:   2.20, -10.01,  -2.38
t: 100; Acc:   0.78,  -0.46,  -0.30
Gyro:   0.73,  -9.70,   0.55
t: 100; Acc:   0.77,  -0.47,  -0.31
Gyro:   3.72, -13.61,  -2.20
t: 100; Acc:   0.77,  -0.46,  -0.31
Gyro:   6.47, -17.40,  -7.57
t: 100; Acc:   0.78,  -0.45,  -0.33
Gyro:   5.80, -18.19,  -7.57
t: 100; Acc:   0.77,  -0.44,  -0.34
Gyro:   2.81,  -9.89,  -6.65
t: 100; Acc:   0.78,  -0.44,  -0.34
Gyro:   1.40,  -9.89,  -2.99
