t: 100; Acc:   0.76,  -0.61,  -0.03
Gyro:  -1.77,  -5.19,   1.59
t: 100; Acc:   0.76,  -0.61,  -0.03
Gyro:  -2.56,  -4.15,   1.71
t: 100; Acc:   0.76,  -0.62,  -0.03
Gyro:  -1.04,  -4.46,   0.85
t: 100; Acc:   0.75,  -0.61,  -0.03
Gyro:  -1.28,  -5.07,   1.65
t: 100; Acc:   0.75,  -0.62,  -0.02
Gyro:  -0.98,  -5.31,   0.67
t: 100; Acc:   0.75,  -0.61,  -0.02
Gyro:  -2.99,  -4.70,   3.23
t: 100; Acc:   0.77,  -0.61,  -0.00
Gyro:   6.84, -13.18,   1.89
t: 100; Acc:   0.73,  -0.64,  -0.05
Gyro:   5.07,  -3.78,  -0.43
t: 100; Acc:   0.82,  -0.61,  -0.01
Gyro:   0.43, -10.19,   2.32
t: 100; Acc:   0.85,  -0.62,  -0.00
Gyro:  14.95, -21.91,  -7.75
t: 100; Acc:   1.69,  -0.04,   0.19
Gyro:  81.36, -70.74, -66.16
t: 100; Acc:   1.75,  -0.54,   0.73
Gyro:  70.31, -138.85, -222.35
t: 100; Acc:   0.79,  -0.91,   0.29
Gyro:  93.93, -88.75, -238.40
t: 100; Acc:   0.22,  -1.18,   0.46
Gyro:  52.67,  19.23, -117.19
t: 100; Acc:   0.21,  -1.68,   0.23
Gyro: 110.47, 124.69, 108.03
t: 100; Acc:   0.70,  -2.67,  -1.94
Gyro: 307.50, -255.00, 499.15
t: 100; Acc:   2.56,  -1.86,   0.78
Gyro: -206.73, 310.85, 338.99
t: 100; Acc:   1.58,   0.14,   0.04
Gyro: 104.19, -153.20,  88.32
t: 100; Acc:   1.19,  -0.10,   0.22
Gyro: -72.02,  -5.80, -48.16
t: 100; Acc:   1.03,  -0.52,   0.09
Gyro: -37.17, -18.55, -111.08
t: 100; Acc:   0.82,  -0.98,  -0.17
Gyro: -116.70,  45.41, -127.26
t: 100; Acc:   0.61,  -1.20,  -0.49
Gyro: -172.85,  95.89, -78.61
t: 100; Acc:   0.42,  -0.80,  -0.21
Gyro: -141.05,  54.69, -19.65
t: 100; Acc:   0.60,  -0.70,  -0.02
Gyro: -72.02,  17.03,  15.14
t: 100; Acc:   0.97,  -0.62,   0.30
Gyro: -18.62,  40.89,  64.51
t: 100; Acc:   0.76,  -0.66,  -0.05
Gyro:  -6.84, -10.93,  10.01
