t: 100; Acc:   0.78,  -0.48,  -0.29
Gyro:  -0.67,  -5.49,   0.61
t: 100; Acc:   0.76,  -0.49,  -0.30
Gyro:  -0.61,  -5.68,   1.34
t: 100; Acc:   0.77,  -0.48,  -0.30
Gyro:  -1.46,  -5.25,   2.38
t: 100; Acc:   0.77,  -0.49,  -0.30
Gyro:  -1.65,  -4.39,   1.59
t: 100; Acc:   0.76,  -0.49,  -0.30
Gyro:  -1.53,  -4.27,   0.12
t: 100; Acc:   0.77,  -0.48,  -0.29
Gyro:  -1.77,  -4.09,   0.61
t: 100; Acc:   0.77,  -0.49,  -0.30
Gyro:  -1.28,  -5.43,   0.67
t: 100; Acc:   0.78,  -0.48,  -0.29
Gyro:  -6.71,   2.50,   4.70
t: 100; Acc:   0.77,  -0.48,  -0.27
Gyro:   2.44,  -5.62,   4.88
t: 100; Acc:   0.75,  -0.51,  -0.31
Gyro:  -0.06,   2.26,   5.31
t: 100; Acc:   0.79,  -0.51,  -0.27
Gyro:  -2.62,  25.27,  -2.32
t: 100; Acc:   1.08,  -0.37,  -0.09
Gyro:  -6.65,   2.08,   7.20
t: 100; Acc:   2.22,   0.49,  -0.53
Gyro: 109.50, -76.60, -218.51
t: 100; Acc:   1.33,  -1.08,   0.08
Gyro:  59.75, -68.05, -304.08
t: 100; Acc:   0.11,  -1.30,   0.26
Gyro:  27.59, -17.88, -148.68
t: 100; Acc:   0.48,  -1.14,   0.06
Gyro:  96.25,  54.69,  98.88
t: 100; Acc:   1.23,  -1.75,  -0.55
Gyro: 146.97, 106.93, 268.74
t: 100; Acc:   0.03,  -3.71,  -0.91
Gyro: 345.46,  26.06, 328.12
t: 100; Acc:   2.33,  -0.19,   0.44
Gyro: -96.80,  96.50, 305.97
t: 100; Acc:   0.95,   0.17,  -0.44
Gyro: 127.93, -103.15, -41.99
t: 100; Acc:   0.58,  -0.01,  -0.27
Gyro: -39.79, -18.01, -35.34
t: 100; Acc:   0.98,  -0.34,  -0.19
Gyro: -76.17,  -7.14, -79.65
t: 100; Acc:   1.10,  -0.87,  -0.41
Gyro: -114.44,   5.86, -135.44
t: 100; Acc:   0.84,  -1.21,  -0.47
Gyro: -175.17,  52.86, -101.32
t: 100; Acc:   0.52,  -1.05,  -0.23
Gyro: -172.67,  86.24,  26.06
t: 100; Acc:   1.21,  -0.29,  -0.37
Gyro: -101.26,  66.41,  39.98
t: 100; Acc:   0.87,  -0.39,  -0.56
Gyro:  11.41,  -2.08,  13.49
t: 100; Acc:   0.77,  -0.53,  -0.23
Gyro:   0.79, -22.46,   7.32
t: 100; Acc:   0.79,  -0.52,  -0.24
Gyro:  -2.93, -12.21,  -7.57
t: 100; Acc:   0.78,  -0.50,  -0.27
Gyro:  -3.42, -10.74, -12.08
