t: 100; Acc:   0.76,  -0.51,  -0.27
Gyro:  -1.40,  -6.04,   2.26
t: 100; Acc:   0.75,  -0.52,  -0.27
Gyro:  -2.08,  -6.71,   4.21
t: 100; Acc:   0.75,  -0.53,  -0.27
Gyro:  -2.75,  -6.10,   5.92
t: 100; Acc:   0.75,  -0.53,  -0.27
Gyro:  -2.14,  -5.92,   5.13
t: 100; Acc:   0.74,  -0.53,  -0.27
Gyro:  -3.60,  -6.41,   4.46
t: 100; Acc:   0.74,  -0.52,  -0.28
Gyro:  -1.22, -11.84,   7.26
t: 100; Acc:   0.74,  -0.54,  -0.30
Gyro:  -2.99,  -9.95,   7.39
t: 100; Acc:   0.73,  -0.55,  -0.30
Gyro:  -7.20,   8.42,  -1.46
t: 100; Acc:   0.76,  -0.53,  -0.28
Gyro:  -0.18,  11.54,  -6.41
t: 100; Acc:   1.03,  -0.39,  -0.22
Gyro:   5.25,  -9.77, -24.17
t: 100; Acc:   2.34,   0.05,  -0.92
Gyro:  41.14, -83.56, -278.56
t: 100; Acc:   0.57,  -1.22,   0.27
Gyro:  -7.63, -56.82, -245.91
t: 100; Acc:   0.25,  -1.40,   0.69
Gyro:  96.50,  30.21,   7.57
t: 100; Acc:   1.30,  -1.63,  -0.05
Gyro: 229.00, 102.84, 208.50
t: 100; Acc:   1.30,  -2.05,  -0.95
Gyro: 209.72,  98.08, 224.85
t: 100; Acc:   1.91,  -0.13,   0.11
Gyro: -182.37, 164.79, 305.24
t: 100; Acc:   1.52,   0.85,  -0.05
Gyro: -56.52,  -0.79,  10.50
t: 100; Acc:   1.33,  -0.10,  -0.04
Gyro: -108.95,  38.33, -165.65
t: 100; Acc:   1.12,  -0.82,  -0.40
Gyro: -173.83, 106.08, -154.85
t: 100; Acc:   0.63,  -0.82,  -0.47
Gyro: -140.32, 122.56, -14.10
t: 100; Acc:  -0.02,  -0.79,  -0.74
Gyro:  34.00,  22.03, -36.99
t: 100; Acc:   2.97,  -0.60,   1.39
Gyro:  -0.85, -32.78,  69.27
t: 100; Acc:   0.82,  -0.45,  -0.27
Gyro:   4.46, -47.97,  11.54
t: 100; Acc:   0.73,  -0.46,  -0.34
Gyro:   4.94, -25.21,   4.46
t: 100; Acc:   0.74,  -0.48,  -0.34
Gyro:   0.43, -16.17,  -0.12
t: 100; Acc:   0.75,  -0.47,  -0.34
Gyro:  -2.69, -10.01,  -7.57
