t: 100; Acc:   0.68,  -0.69,  -0.16
Gyro:  -0.79,  -4.46,   0.85
t: 100; Acc:   0.67,  -0.68,  -0.16
Gyro:  -0.49,  -5.00,   0.67
t: 100; Acc:   0.67,  -0.68,  -0.15
Gyro:  -1.28,  -6.23,   1.83
t: 100; Acc:   0.65,  -0.68,  -0.17
Gyro:  -1.34,  -8.18,   1.46
t: 100; Acc:   0.66,  -0.69,  -0.16
Gyro:  -0.55,  -5.49,   0.24
t: 100; Acc:   0.68,  -0.67,  -0.15
Gyro:  -0.67,  -0.31,   2.69
t: 100; Acc:   0.69,  -0.69,  -0.14
Gyro:   6.59,   7.26,  -3.91
t: 100; Acc:   0.74,  -0.68,  -0.08
Gyro:   8.79,   9.77,  -8.61
t: 100; Acc:   1.60,   0.06,   0.05
Gyro:  34.36, -30.27,   3.66
t: 100; Acc:   1.93,  -1.16,  -0.21
Gyro:  16.05, -175.96, -274.17
t: 100; Acc:   0.54,  -1.35,   0.41
Gyro: -44.68, -98.08, -239.44
t: 100; Acc:  -0.09,  -1.09,   0.65
Gyro:  37.96,   9.46, -24.41
t: 100; Acc:   0.62,  -1.49,   0.10
Gyro: 163.51,  82.40, 141.48
t: 100; Acc:   4.97,   1.18,  -4.08
Gyro: -12.57, 260.07, 204.53
t: 100; Acc:   1.46,  -2.24,  -0.12
Gyro: -11.90, 218.81, 334.17
t: 100; Acc:   1.66,  -0.50,  -0.19
Gyro:  70.68, -65.73, 168.27
t: 100; Acc:   0.95,  -0.12,  -0.17
Gyro:  76.90, -140.62, -16.11
t: 100; Acc:   0.79,  -0.27,   0.09
Gyro: -74.28,  -1.34, -46.26
t: 100; Acc:   0.89,  -0.80,  -0.02
Gyro: -78.67,  -6.04, -115.05
t: 100; Acc:   0.76,  -1.24,  -0.08
Gyro: -118.90,  16.36, -155.88
t: 100; Acc:   0.38,  -1.36,  -0.20
Gyro: -172.06,  78.06, -89.11
t: 100; Acc:   0.45,  -1.09,  -0.19
Gyro: -146.85,  89.05, -19.04
t: 100; Acc:   0.48,  -0.78,  -0.20
Gyro: -99.00,  79.59,  28.02
t: 100; Acc:   0.64,  -0.73,  -0.24
Gyro: -73.36,  67.38,  32.35
t: 100; Acc:   0.67,  -0.80,  -0.35
Gyro:  33.39, -16.97,  33.51
