t: 100; Acc:   0.78,  -0.47,  -0.27
Gyro:  -1.28,  -4.15,   1.77
t: 100; Acc:   0.78,  -0.49,  -0.28
Gyro:  -0.55,  -2.26,   1.95
t: 100; Acc:   0.78,  -0.48,  -0.27
Gyro:  -1.46,  -0.79,   0.31
t: 100; Acc:   0.78,  -0.47,  -0.26
Gyro:   0.49,  -1.83,   0.18
t: 100; Acc:   0.79,  -0.48,  -0.26
Gyro:  -3.78,   6.53,   2.20
t: 100; Acc:   0.81,  -0.49,  -0.22
Gyro:  -6.84,  26.73,   5.25
t: 100; Acc:   1.02,  -0.46,  -0.13
Gyro: -14.22,  -3.72,  17.76
t: 100; Acc:   2.40,   0.98,  -0.68
Gyro:  18.01, -72.51, -196.53
t: 100; Acc:   1.51,  -1.00,   0.20
Gyro:  -9.95, -37.29, -327.76
t: 100; Acc:   0.18,  -1.00,   0.34
Gyro:  31.31,  14.10, -186.89
t: 100; Acc:   0.55,  -1.08,  -0.13
Gyro: 167.42,  57.07,  52.55
t: 100; Acc:   1.23,  -1.98,  -0.54
Gyro:  47.24, 191.35, 344.06
t: 100; Acc:   2.08,  -1.09,  -0.95
Gyro:  22.16,  23.62, 346.31
t: 100; Acc:   2.03,  -0.12,  -0.22
Gyro:  10.44, -26.86, 227.11
t: 100; Acc:   0.99,   0.01,   0.05
Gyro: 121.03, -103.76, -38.51
t: 100; Acc:   0.67,  -0.23,  -0.15
Gyro: -18.92, -16.72, -28.44
t: 100; Acc:   0.92,  -0.32,  -0.20
Gyro: -67.08,  10.19, -52.67
t: 100; Acc:   1.02,  -0.60,  -0.33
Gyro: -72.88,   5.74, -119.51
t: 100; Acc:   0.81,  -0.89,  -0.57
Gyro: -177.98,  81.18, -83.19
t: 100; Acc:   0.66,  -0.78,  -0.52
Gyro: -262.94, 109.92,  -3.78
t: 100; Acc:  -0.78,  -1.20,  -0.75
Gyro: -10.93,  -6.96,   1.40
t: 100; Acc:   1.11,  -0.22,  -0.20
Gyro: -47.49,  26.06,  64.03
t: 100; Acc:   0.67,  -0.56,  -0.33
Gyro: -11.90,  -5.55,  11.72
t: 100; Acc:   0.72,  -0.51,  -0.32
Gyro:  -5.00, -18.62,  -7.51
t: 100; Acc:   0.76,  -0.48,  -0.31
Gyro:   2.62, -12.15,  -0.24
t: 100; Acc:   0.75,  -0.49,  -0.30
Gyro:   4.94, -10.13,   2.44
t: 100; Acc:   0.77,  -0.50,  -0.30
Gyro:   4.64, -11.72,  -0.85
t: 100; Acc:   0.74,  -0.50,  -0.31
Gyro:   2.50,  -8.97,  -0.73
t: 100; Acc:   0.76,  -0.50,  -0.31
Gyro:   0.61,  -3.60,   4.39
t: 100; Acc:   0.76,  -0.51,  -0.30
Gyro:  -1.53,   3.97,   9.70
t: 100; Acc:   0.75,  -0.54,  -0.29
Gyro:  -0.73,   2.26,   6.47
t: 100; Acc:   0.75,  -0.50,  -0.27
Gyro:  -6.77,   0.49,   2.32
